0 1 0 0 4 0 5 6 0 2 3 0 6 1 5 0 8 0 0 0 0 8 0 0 1 0 0 0 5 0 0 2 0 0 0 8 6 0 0 7 8 1 0 0 5 9 0 0 0 6 0 0 2 0 0 0 6 0 0 8 0 0 0 0 8 0 4 7 3 0 5 6 0 4 5 0 9 0 0 1 0	0.300724637681
0 1 7 0 0 2 5 6 0 0 3 4 0 1 5 0 8 0 0 0 9 0 0 0 1 4 0 4 5 0 0 0 0 6 0 0 0 2 0 7 8 1 0 9 0 0 0 8 0 0 0 0 2 1 0 9 6 0 0 0 2 0 0 0 8 0 4 7 0 9 5 0 0 4 5 2 0 0 8 1 0	0.272727272727
0 0 7 0 4 0 0 0 3 0 0 0 6 0 0 7 0 9 0 0 0 8 3 0 0 4 0 4 5 1 0 2 0 6 7 8 6 2 0 0 0 0 0 9 5 9 7 8 0 6 0 3 2 1 0 9 0 0 5 8 0 0 0 1 0 2 0 0 3 0 0 0 3 0 0 0 9 0 8 0 0	0.283333333333
0 0 0 0 0 9 0 5 6 5 0 0 7 8 0 1 0 0 0 0 0 5 0 3 8 0 9 6 5 0 8 0 4 7 9 2 0 2 0 0 0 0 0 6 0 3 9 7 6 0 2 0 1 8 4 0 3 1 0 5 0 0 0 0 0 5 0 4 8 0 0 1 2 1 0 3 0 0 0 0 0	0.375968992248
7 8 0 0 0 0 0 5 0 5 0 9 7 0 0 0 2 0 0 4 0 0 2 0 0 7 9 6 0 0 0 0 0 7 9 2 0 0 4 9 0 1 5 0 0 3 9 7 0 0 0 0 0 8 4 6 0 0 9 0 0 8 0 0 7 0 0 0 8 6 0 1 0 1 0 0 0 0 0 4 5	0.292553191489
7 0 0 4 0 9 0 0 6 5 0 9 0 8 6 1 2 0 1 4 0 0 0 0 0 0 0 6 5 0 8 0 0 0 0 0 0 2 4 9 0 1 5 6 0 0 0 0 0 0 2 0 1 8 0 0 0 0 0 0 0 8 7 0 7 5 2 4 0 6 0 1 2 0 0 3 0 7 0 0 5	0.2
7 8 0 0 0 0 0 5 6 0 0 9 0 8 0 1 0 0 0 4 6 0 0 0 0 7 0 6 5 0 0 0 4 7 9 2 0 0 0 9 0 1 0 0 0 3 9 7 6 0 0 0 1 8 0 6 0 0 0 0 2 8 0 0 0 5 0 4 0 6 0 0 2 1 0 0 0 0 0 4 5	0.395035460993
0 4 0 0 0 9 1 0 6 3 6 5 0 0 0 0 0 0 0 0 0 2 6 0 0 0 5 4 5 7 8 0 0 6 0 9 0 0 1 9 0 5 8 0 0 9 0 3 0 0 4 5 2 7 5 0 0 0 9 1 0 0 0 0 0 0 0 0 0 3 8 1 7 0 6 3 0 0 0 5 0	0.262962962963
0 4 0 0 0 0 1 0 6 3 0 5 1 0 7 2 0 0 0 0 0 2 0 0 0 0 5 4 5 0 8 2 0 6 1 0 0 0 1 9 0 5 8 0 0 0 8 3 0 1 4 0 2 7 5 0 0 0 0 1 0 0 0 0 0 4 7 0 6 3 0 1 7 0 6 0 0 0 0 5 0	0.424444444444
8 0 2 5 0 0 1 0 0 0 0 0 0 4 7 0 0 8 1 0 9 0 6 0 4 3 5 4 0 0 0 2 3 0 1 0 0 2 0 0 0 0 0 4 0 0 8 0 6 1 0 0 0 7 5 3 8 0 9 0 7 0 2 2 0 0 7 5 0 0 0 0 0 0 6 0 0 2 9 0 4	0.219259259259
0 0 2 0 0 9 1 0 6 3 0 5 0 4 0 2 0 0 0 7 9 2 6 0 0 0 0 0 5 0 0 0 0 0 1 9 0 2 1 9 7 5 8 4 0 9 8 0 0 0 0 0 2 0 0 0 0 0 9 1 7 6 0 0 0 4 0 5 0 3 0 1 7 0 6 3 0 0 9 0 0	0.0738636363636
8 4 0 0 3 9 1 0 0 3 6 0 1 0 0 0 0 8 1 0 9 2 0 0 0 0 0 0 5 0 8 0 0 6 0 0 0 0 1 9 0 5 8 0 0 0 0 3 0 0 4 0 2 0 0 0 0 0 0 1 7 0 2 2 0 0 0 0 6 0 8 1 0 0 6 3 8 0 0 5 4	0.325886524823
0 0 9 0 0 5 0 7 1 5 0 0 7 0 6 0 0 0 0 0 8 4 9 0 0 3 5 0 3 0 0 1 8 2 0 0 0 9 0 3 4 2 0 6 0 0 0 2 9 6 0 0 4 0 9 2 0 0 7 4 3 0 0 0 0 0 6 0 9 0 0 2 7 6 0 8 0 0 4 0 0	0.151515151515
6 4 0 0 0 0 8 0 1 5 0 0 7 0 0 0 2 0 2 7 0 4 9 0 0 0 0 0 3 6 5 1 8 0 9 0 0 0 0 3 0 2 0 0 0 0 5 0 9 6 7 1 4 0 0 0 0 0 7 4 0 8 6 0 8 0 0 0 9 0 0 2 7 0 1 0 0 0 0 5 9	0.0925925925926
6 0 9 0 0 0 0 0 1 0 1 0 0 0 6 0 2 4 0 0 8 4 0 0 6 3 0 0 3 0 5 0 0 2 0 7 1 0 7 3 0 2 5 0 8 8 0 2 0 0 7 0 4 0 0 2 5 0 0 4 3 0 0 3 8 0 6 0 0 0 1 0 7 0 0 0 0 0 4 0 9	0.243650793651
0 0 9 0 3 0 8 7 0 5 0 0 0 0 0 9 0 4 2 7 0 0 9 1 0 3 0 4 0 6 0 1 8 2 0 0 1 0 0 3 0 2 0 0 8 0 0 2 9 6 0 1 0 3 0 2 0 1 7 0 0 8 6 3 0 4 0 0 0 0 0 2 0 6 1 0 2 0 4 0 0	0.147286821705
0 0 9 0 0 5 8 0 0 0 0 0 7 0 6 9 0 4 2 0 8 4 9 0 0 0 0 4 3 0 5 1 0 0 9 7 0 0 7 3 0 2 5 0 0 8 5 0 0 6 7 0 4 3 0 0 0 0 7 4 3 0 6 3 0 4 6 0 9 0 0 0 0 0 1 8 0 0 4 0 0	0.282945736434
6 2 0 0 5 0 0 9 0 0 1 5 8 2 4 0 7 0 0 4 8 6 0 0 0 0 2 0 5 0 0 7 0 0 0 9 0 0 0 2 0 9 0 0 0 2 0 0 0 4 0 0 6 0 5 0 0 0 0 2 6 1 0 0 6 0 4 3 7 9 2 0 0 9 0 0 1 0 0 8 4	0.228148148148
6 0 3 7 0 1 0 9 0 9 0 0 0 0 0 3 0 0 0 4 0 6 0 3 1 5 0 0 5 6 3 7 0 0 4 9 4 0 0 2 0 9 0 0 1 2 3 0 0 4 5 8 6 0 0 7 4 9 0 2 0 1 0 0 0 1 0 0 0 0 0 5 0 9 0 5 0 6 7 0 4	0.0691056910569
0 7 0 0 0 3 0 2 8 0 0 9 6 0 0 1 0 0 0 1 0 0 2 9 0 6 3 0 8 4 7 0 0 0 0 6 1 6 7 0 0 0 5 8 4 9 0 0 0 0 6 2 1 0 8 3 0 2 6 0 0 7 0 0 0 1 0 0 4 8 0 0 7 4 0 3 0 0 0 5 0	0.0736434108527
4 0 0 0 0 3 0 0 0 3 2 9 0 0 7 0 4 5 0 1 0 0 2 9 0 0 3 0 0 0 7 0 0 3 9 6 1 0 7 0 0 0 5 0 4 9 5 3 0 0 6 0 0 0 8 0 0 2 6 0 0 7 0 6 9 0 5 0 0 8 3 2 0 0 0 3 0 0 0 0 1	0.366666666667
0 0 0 0 5 3 0 0 8 3 0 0 6 0 0 0 0 0 0 1 0 4 0 0 7 0 3 0 8 4 7 0 0 0 9 0 0 0 7 9 0 2 5 0 0 0 5 0 0 0 6 2 1 0 8 0 5 0 0 1 0 7 0 0 0 0 0 0 4 0 0 2 7 0 0 3 9 0 0 0 0	0.393744164332
0 6 0 0 0 7 0 9 0 4 3 2 0 9 0 1 0 0 9 0 0 0 6 2 0 8 3 2 7 0 4 5 1 0 0 9 0 0 0 0 0 0 0 0 0 6 0 0 2 7 9 0 5 4 3 2 0 9 1 0 0 0 6 0 0 5 0 3 0 9 4 2 0 9 0 5 0 0 0 1 0	0.170542635659
0 6 1 0 0 0 0 9 0 4 3 0 0 9 5 0 6 0 9 0 0 1 0 2 0 0 3 0 0 0 4 0 1 0 0 9 5 0 9 0 0 0 7 0 1 6 0 0 2 0 9 0 0 0 3 0 0 9 0 8 0 0 6 0 8 0 7 3 0 0 4 2 0 9 0 0 0 0 3 1 0	0.270212765957
8 0 1 3 4 0 0 0 0 4 3 0 8 0 0 1 0 7 0 0 0 0 6 0 0 0 3 2 0 8 0 5 0 0 0 9 0 0 9 0 0 0 7 0 0 6 0 0 0 7 0 8 0 4 3 0 0 0 1 0 0 0 0 1 0 5 0 0 6 0 4 2 0 0 0 0 2 4 3 0 8	0.332653061224
8 6 1 0 4 7 0 9 0 0 0 0 0 0 0 1 0 0 9 5 0 0 0 2 0 0 3 0 7 8 0 0 0 0 3 9 0 4 9 6 0 3 7 2 0 6 1 0 0 0 0 8 5 0 3 0 0 9 0 0 0 7 6 0 0 5 0 0 0 0 0 0 0 9 0 5 2 0 3 1 8	0.274074074074
8 0 1 0 4 0 2 0 5 4 0 0 0 0 5 1 0 7 0 5 0 1 0 0 0 0 0 0 7 8 0 0 1 0 0 9 0 4 0 6 8 3 0 2 0 6 0 0 2 0 0 8 5 0 0 0 0 0 0 8 0 7 0 1 0 5 7 0 0 0 0 2 7 0 6 0 2 0 3 0 8	0.217391304348
1 0 6 0 0 5 3 8 7 0 0 5 0 3 2 1 0 9 3 0 0 1 0 8 0 0 0 0 0 0 0 0 0 7 3 5 0 5 3 0 0 0 2 1 0 2 1 7 0 0 0 0 0 0 0 0 0 8 0 4 0 0 1 5 0 1 3 2 0 4 0 0 7 8 4 6 0 0 9 0 3	0.323643410853
0 2 0 0 0 0 3 8 0 8 0 0 7 0 0 0 0 9 0 0 9 1 0 0 5 4 0 4 9 0 0 0 0 7 3 5 0 5 3 0 0 0 2 1 0 2 1 7 0 0 0 0 9 6 0 3 2 0 0 4 6 0 0 5 0 0 0 0 9 0 0 8 0 8 4 0 0 0 0 2 0	0.385309017224
0 0 6 0 9 0 0 0 7 8 4 0 7 3 2 1 6 0 0 0 0 1 0 0 0 4 2 4 9 0 0 0 0 7 3 0 0 0 3 0 0 0 2 0 0 0 1 7 0 0 0 0 9 6 9 3 0 0 0 4 0 0 0 0 6 1 3 2 9 0 7 8 7 0 0 0 5 0 9 0 0	0.337407407407
1 0 0 4 9 5 0 0 0 8 0 0 7 0 0 0 0 9 3 7 9 0 0 0 0 0 0 0 0 8 2 1 0 7 0 0 6 5 0 0 0 0 0 1 4 0 0 7 0 4 3 8 0 0 0 0 0 0 0 0 6 5 1 5 0 0 0 0 9 0 0 8 0 0 0 6 5 1 0 0 3	0.38537414966
1 4 0 0 0 2 0 0 0 8 6 0 0 0 9 4 5 0 0 9 0 0 0 4 0 7 2 0 2 8 0 4 5 3 0 7 0 0 0 0 0 0 0 0 0 4 0 1 3 6 0 9 2 0 6 8 0 2 0 0 0 1 0 0 7 9 4 0 0 0 8 6 0 0 0 8 0 0 0 3 4	0.271111111111
0 0 0 0 0 2 0 0 3 8 0 2 7 3 0 4 5 0 0 0 0 6 0 0 8 7 0 9 0 8 0 0 5 3 6 7 0 0 6 0 0 0 1 0 0 4 5 1 3 0 0 9 0 8 0 8 4 0 0 3 0 0 0 0 7 9 0 5 1 2 0 6 2 0 0 8 0 0 0 0 0	0.288888888889
0 0 7 0 0 0 6 9 0 0 6 0 7 0 0 0 0 1 0 9 3 0 1 4 8 0 0 0 2 8 1 0 5 0 6 0 7 0 6 9 0 8 1 0 5 0 5 0 3 0 7 9 2 0 0 0 4 2 7 0 5 1 0 3 0 0 0 0 1 0 8 0 0 1 5 0 0 0 7 0 0	0.22519379845
1 0 7 0 0 0 6 0 0 8 0 2 0 3 0 4 5 0 0 0 0 6 1 4 0 0 0 0 2 0 1 0 0 0 6 0 0 3 6 9 0 8 1 4 0 0 5 0 0 0 7 0 2 0 0 0 0 2 7 3 0 0 0 0 7 9 0 5 0 2 0 6 0 0 5 0 0 0 7 0 4	0.109929078014
0 0 7 0 0 0 0 9 0 8 0 2 0 3 0 4 0 1 0 9 3 6 0 0 8 0 0 9 2 0 0 4 0 0 6 0 7 3 6 0 2 0 1 4 5 0 5 0 0 6 0 0 2 8 0 0 4 0 0 3 5 1 0 3 0 9 0 5 0 2 0 6 0 1 0 0 0 0 7 0 0	0.364393939394
7 0 9 0 0 0 0 5 0 4 0 0 3 5 1 9 2 0 2 5 3 9 0 0 8 1 0 0 0 7 0 0 9 0 0 0 0 0 1 4 6 5 2 0 0 0 0 0 7 0 0 4 0 0 0 2 5 0 0 6 7 4 9 0 9 8 2 4 7 0 0 5 0 7 0 0 0 0 1 0 2	0.255952380952
0 1 9 6 0 2 0 0 0 4 8 0 0 5 0 9 0 0 2 5 0 9 7 4 8 0 6 0 4 0 0 2 0 5 0 0 9 0 1 0 0 0 2 0 8 0 0 2 0 3 0 0 9 0 3 0 5 8 1 6 0 4 9 0 0 8 0 4 0 0 3 5 0 0 0 5 0 3 1 8 0	-0.00406504065041
7 0 9 0 0 2 3 0 0 4 0 6 3 5 0 9 0 0 2 0 0 9 0 4 0 1 0 0 0 0 1 0 9 0 0 0 0 3 1 4 0 5 2 7 0 0 0 0 7 0 8 0 0 0 0 2 0 8 0 6 0 0 9 0 0 8 0 4 7 6 0 5 0 0 4 5 0 0 1 0 2	0.135185185185
7 0 9 0 0 0 3 0 0 4 0 6 3 5 0 9 0 0 0 0 0 0 0 0 0 1 6 0 4 0 0 2 9 0 6 3 9 0 0 4 0 5 0 0 8 5 6 0 7 3 0 0 9 0 3 2 0 0 0 0 0 0 0 0 0 8 0 4 7 6 0 5 0 0 4 0 0 0 1 0 2	0.297872340426
0 1 0 6 0 2 8 9 0 8 9 0 0 5 3 0 1 7 0 6 0 0 0 1 0 0 0 7 0 3 0 1 0 4 8 9 0 0 0 0 0 0 0 0 0 6 8 4 0 2 0 1 0 5 0 0 0 1 0 0 0 7 0 1 4 0 2 9 0 0 5 8 0 7 9 8 0 4 0 6 0	0.0116279069767
4 0 5 0 7 0 8 9 0 0 0 2 0 5 0 6 0 0 0 0 7 9 0 0 5 4 2 0 0 3 5 0 6 4 8 9 0 0 0 3 0 8 0 0 0 6 8 4 7 0 9 1 0 0 2 3 8 0 0 5 9 0 0 0 0 6 0 9 0 3 0 0 0 7 9 0 3 0 2 0 1	0.174796747967
0 1 5 0 0 0 0 9 0 0 9 2 4 5 3 0 0 7 0 6 0 0 8 0 5 0 0 7 0 0 5 1 0 4 8 0 0 5 0 3 0 8 0 2 0 0 8 4 0 2 9 0 0 5 0 0 8 0 6 0 0 7 0 1 0 0 2 9 7 3 5 0 0 7 0 0 0 0 2 6 0	0.186046511628
0 1 0 0 0 2 8 0 3 8 0 2 0 0 0 0 1 7 0 6 0 9 8 0 5 4 2 0 0 3 0 1 0 0 8 9 0 0 1 0 4 0 7 0 0 6 8 0 0 2 0 1 0 0 2 3 8 0 6 5 0 7 0 1 4 0 0 0 0 3 0 8 5 0 9 8 0 0 0 6 0	0.230158730159
6 0 2 0 0 8 0 3 0 1 0 8 0 3 6 7 0 2 7 0 0 5 0 0 8 6 0 9 2 0 0 6 0 3 0 0 0 0 1 0 0 0 6 0 0 0 0 3 0 4 0 0 1 5 0 8 9 0 0 1 0 0 6 3 0 5 6 2 0 1 0 9 0 1 0 8 0 0 5 0 3	0.279069767442
6 0 2 7 0 0 9 0 4 0 9 0 4 3 6 7 0 0 0 3 0 0 0 0 0 0 1 0 0 0 0 6 0 0 0 8 0 0 1 2 0 3 6 0 0 8 0 0 0 4 0 0 0 0 2 0 0 0 0 0 0 7 0 0 0 5 6 2 4 0 8 0 4 0 6 0 0 9 5 0 3	0.33231292517
6 0 0 7 0 8 9 0 0 1 0 0 0 3 6 7 5 0 7 0 4 5 0 0 0 6 1 0 2 7 0 0 0 0 4 8 0 0 1 0 0 0 6 0 0 8 6 0 0 0 0 2 1 0 2 8 0 0 0 1 4 0 6 0 7 5 6 2 0 0 0 9 0 0 6 8 0 9 0 0 3	0.12984496124
0 5 0 0 0 8 9 0 0 0 0 0 4 3 6 7 0 0 0 3 0 0 0 0 0 6 1 9 0 7 1 0 5 3 0 8 0 0 0 0 0 0 0 0 0 8 0 3 9 0 7 2 0 5 2 8 0 0 0 0 0 7 0 0 0 5 6 2 4 0 0 0 0 0 6 8 0 0 0 2 0	0.440476190476
0 0 0 0 0 9 8 0 0 0 0 0 2 5 3 0 0 1 1 6 0 7 0 0 2 3 0 6 9 2 0 7 0 5 0 8 0 0 1 0 0 0 9 0 0 4 0 8 0 9 0 3 6 2 0 5 6 0 0 7 0 9 3 9 0 0 5 3 2 0 0 0 0 0 4 9 0 0 0 0 0	0.324074074074
0 2 3 0 1 9 0 0 0 0 0 9 0 5 3 6 0 0 1 6 0 7 4 0 0 0 9 0 9 0 3 0 4 0 0 8 0 3 0 0 2 0 0 4 0 4 0 0 1 0 5 0 6 0 2 0 0 0 8 7 0 9 3 0 0 7 5 3 0 4 0 0 0 0 0 9 6 0 7 2 0	0.251893939394
0 2 0 6 0 0 0 0 0 8 4 9 0 5 0 6 7 1 0 6 5 7 4 0 0 0 9 0 0 0 0 7 4 5 0 0 0 3 1 0 0 0 9 4 0 0 0 8 1 9 0 0 0 0 2 0 0 0 8 7 1 9 0 9 1 7 0 3 0 4 8 6 0 0 0 0 0 1 0 2 0	0.100775193798
0 0 3 0 1 0 0 5 4 0 4 0 0 5 0 0 0 1 0 6 5 7 0 0 0 0 9 0 9 0 3 7 4 5 0 0 5 0 1 8 0 6 9 0 7 0 0 8 1 9 5 0 6 0 2 0 0 0 0 7 1 9 0 9 0 0 0 3 0 0 8 0 3 8 0 0 6 0 7 0 0	0.220930232558
0 2 0 0 0 9 8 0 0 0 4 9 2 5 0 6 7 0 1 0 5 7 4 0 2 0 0 0 0 0 3 7 0 5 1 8 0 3 0 8 0 6 0 4 0 4 7 8 0 9 5 0 0 0 0 0 6 0 8 7 1 0 3 0 1 7 0 3 2 4 8 0 0 0 4 9 0 0 0 2 0	0.0512820512821
0 0 0 5 0 3 7 0 0 0 6 0 9 0 2 1 0 8 5 4 0 8 0 0 0 0 9 0 7 3 0 5 6 4 0 0 0 1 0 0 0 0 0 7 0 0 0 5 7 3 0 2 9 0 8 0 0 0 0 9 0 6 3 6 0 1 3 0 4 0 2 0 0 0 9 6 0 5 0 0 0	0.062962962963
0 0 0 0 6 0 7 4 0 3 0 0 9 0 0 1 5 0 0 4 2 0 0 0 6 3 0 0 7 0 2 5 0 4 8 0 0 0 0 4 0 8 0 0 0 0 8 5 0 3 1 0 9 0 0 2 4 0 0 0 5 6 0 0 5 1 0 0 4 0 0 7 0 3 9 0 2 0 0 0 0	0.353546099291
1 0 8 0 6 0 0 0 2 0 0 0 0 0 2 1 0 8 5 0 0 8 1 7 6 0 0 9 7 0 2 5 0 0 0 0 0 0 0 4 0 8 0 0 0 0 0 0 0 3 1 0 9 6 0 0 4 1 7 9 0 0 3 6 0 1 3 0 0 0 0 0 7 0 0 0 2 0 8 0 4	0.356028368794
0 0 0 5 6 0 7 0 0 3 0 7 0 0 2 0 5 0 0 4 0 8 0 0 6 3 9 0 7 0 2 0 0 4 8 0 2 0 0 4 0 8 0 0 5 0 8 5 0 0 1 0 9 0 8 2 4 0 0 9 0 6 0 0 5 0 3 0 0 9 0 7 0 0 9 0 2 5 0 0 0	0.32962962963
0 0 8 0 0 3 7 4 0 0 6 7 0 4 0 1 5 0 0 4 0 8 0 0 0 0 0 9 7 0 0 5 6 0 0 1 0 1 6 4 0 8 3 7 0 4 0 0 7 3 0 0 9 6 0 0 0 0 0 9 0 6 0 0 5 1 0 8 0 9 2 0 0 3 9 6 0 0 8 0 0	0.211240310078
7 9 6 1 4 3 0 5 0 4 5 0 0 0 0 1 3 0 0 1 0 7 0 2 0 0 9 9 3 1 0 0 0 0 0 5 0 0 0 0 0 0 0 0 0 5 0 0 0 0 0 4 9 1 6 0 0 8 0 7 0 2 0 0 7 8 0 0 0 0 1 4 0 2 0 4 3 9 7 6 8	0.213178294574
0 0 0 0 4 3 8 0 2 0 0 0 0 0 6 1 0 0 8 1 3 7 0 0 6 0 9 0 3 1 6 7 4 0 0 5 0 8 4 5 9 1 3 7 0 5 0 0 3 2 8 4 9 0 6 0 9 0 0 7 5 2 3 0 0 8 2 0 0 0 0 0 1 0 5 4 3 0 0 0 0	-0.00438596491228
7 9 6 0 0 3 0 5 2 0 0 2 0 8 0 1 3 7 0 1 0 0 5 0 6 4 0 0 0 0 0 0 0 0 8 5 0 0 0 5 9 1 0 0 0 5 6 0 0 0 0 0 0 0 0 4 9 0 1 0 0 2 0 3 7 8 0 6 0 9 0 0 1 2 0 4 0 0 7 6 8	-0.0435606060606
0 0 6 0 0 3 0 5 2 4 0 0 0 8 6 1 0 0 0 1 0 7 5 2 6 0 0 9 0 0 6 7 4 0 8 5 2 0 0 5 0 1 0 0 6 5 6 0 3 2 8 0 0 1 0 0 9 8 1 7 0 2 0 0 0 8 2 6 0 0 0 4 1 2 0 4 0 0 7 0 0	0.132478632479
0 0 0 0 0 0 8 5 0 4 0 2 0 8 6 0 0 0 8 1 3 7 5 0 6 0 0 0 3 1 6 7 4 2 0 5 2 8 0 0 0 0 0 7 6 5 0 7 3 2 8 4 9 0 0 0 9 0 1 7 5 2 3 0 0 0 2 6 0 9 0 4 0 2 5 0 0 0 0 0 0	0.0217948717949
4 1 5 9 3 0 0 0 0 8 0 0 5 0 0 0 0 7 0 0 7 0 0 4 1 0 0 0 0 0 0 0 0 3 6 9 2 6 0 3 0 8 0 5 1 5 3 4 0 0 0 0 0 0 0 0 6 7 0 0 2 0 0 7 0 0 0 0 2 0 0 3 0 0 0 0 9 1 7 8 6	0.159574468085
0 0 5 0 0 7 6 2 0 0 0 0 0 1 6 9 4 7 0 9 7 0 0 0 0 3 5 0 0 0 0 0 5 0 6 9 0 0 9 0 7 0 4 0 0 5 3 0 1 0 0 0 0 0 9 8 0 0 0 0 2 1 0 7 4 1 6 8 0 0 0 0 0 5 2 4 0 0 7 0 0	0.217391304348
4 0 5 0 0 7 0 2 0 0 2 3 5 1 0 9 4 0 0 9 0 0 0 0 1 0 0 1 0 8 2 0 0 3 6 0 0 0 0 3 0 8 0 0 0 0 3 4 0 0 9 8 0 2 0 0 6 0 0 0 0 1 0 0 4 1 0 8 2 5 9 0 0 5 0 4 0 0 7 0 6	0.316666666667
0 0 0 0 3 0 0 2 0 0 0 3 5 0 6 9 0 7 0 0 7 8 0 4 1 0 5 0 7 0 0 0 0 0 6 9 2 0 0 3 7 8 0 0 1 5 3 0 0 0 0 0 7 0 9 0 6 7 0 3 2 0 0 7 0 1 6 0 2 5 0 0 0 5 0 0 9 0 0 0 0	0.226449275362
4 0 0 9 0 7 0 0 0 0 2 3 5 0 6 9 0 7 0 0 0 8 2 4 1 0 0 1 7 0 0 4 0 3 6 0 0 0 0 0 0 0 0 0 0 0 3 4 0 6 0 0 7 2 0 0 6 7 5 3 0 0 0 7 0 1 6 0 2 5 9 0 0 0 0 4 0 1 0 0 6	0.307407407407
0 7 2 3 8 5 4 0 0 0 3 9 0 1 6 0 0 0 1 0 0 2 7 0 3 0 6 7 8 0 0 0 0 6 4 0 5 0 0 0 0 0 0 0 7 0 9 4 0 0 0 0 3 1 4 0 1 0 6 3 0 0 8 0 0 0 9 2 0 1 6 0 0 0 8 5 4 1 2 7 0	0.0325203252033
0 0 0 3 0 0 0 1 0 8 0 0 0 1 6 7 0 2 1 0 0 0 0 9 3 0 0 7 0 3 0 0 0 6 4 5 5 0 6 8 0 4 9 0 7 2 9 4 0 0 0 8 0 1 0 0 1 7 0 0 0 0 8 3 0 7 9 2 0 0 0 4 0 6 0 0 0 1 0 0 0	0.224074074074
0 0 2 3 8 0 0 0 0 8 3 0 0 1 6 0 5 0 0 0 0 2 0 0 3 8 0 7 8 0 1 9 0 0 0 5 0 1 6 8 0 4 9 2 0 2 0 0 0 5 7 0 3 1 0 2 1 0 0 3 0 0 0 0 5 0 9 2 0 0 6 4 0 0 0 0 4 1 2 0 0	0.100775193798
2 4 0 3 0 0 0 0 0 7 8 0 5 0 6 0 0 0 9 3 0 4 7 0 0 5 8 5 0 7 9 0 0 0 1 0 0 1 0 0 0 0 0 9 0 0 9 0 0 0 7 5 0 4 4 7 0 0 1 5 0 8 9 0 0 0 8 0 3 0 7 2 0 0 0 0 0 4 0 3 5	0.307407407407
2 4 5 3 0 0 0 0 0 0 8 0 5 0 0 9 0 3 0 3 0 4 7 1 0 0 0 5 2 0 0 4 0 3 1 0 3 1 0 6 0 2 0 9 7 0 9 8 0 3 0 0 2 4 0 0 0 2 1 5 0 8 0 1 0 9 0 0 3 0 7 0 0 0 0 0 0 4 1 3 5	0.10162601626
2 4 0 0 0 0 0 0 1 7 8 1 5 2 6 0 0 0 9 0 0 4 0 0 2 5 0 5 2 7 0 0 8 0 0 6 0 0 4 6 0 2 8 0 0 6 0 0 1 0 0 5 2 4 0 7 3 0 0 5 0 0 9 0 0 0 8 6 3 4 7 2 8 0 0 0 0 0 0 3 5	0.19512195122
7 1 0 3 0 8 0 0 0 8 0 9 2 0 0 0 1 5 0 5 2 4 1 0 0 0 0 5 6 0 0 4 1 8 3 0 0 0 1 0 0 0 7 0 0 0 2 3 8 7 0 0 4 1 0 0 0 0 8 5 1 7 0 1 3 0 0 0 4 9 0 8 0 0 0 1 0 3 0 5 4	0.130081300813
7 0 6 3 0 0 0 0 0 0 0 9 0 6 7 3 1 5 0 0 0 4 1 0 0 0 7 0 0 7 9 0 0 8 0 0 4 8 0 5 0 2 0 9 6 0 0 3 0 0 6 5 0 0 2 0 0 0 8 5 0 0 0 1 3 5 7 2 0 9 0 0 0 0 0 0 0 3 2 0 4	0.062962962963
0 1 6 3 0 8 4 2 0 8 4 0 0 0 7 3 0 0 3 0 0 0 0 0 0 0 0 0 6 0 9 4 0 8 0 2 0 8 1 0 3 0 7 9 0 9 0 3 0 7 6 0 4 0 0 0 0 0 0 0 0 0 3 0 0 5 7 0 0 0 6 8 0 7 8 1 0 3 2 5 0	0.373106060606
7 0 0 3 0 0 0 2 0 8 4 0 2 6 0 0 0 5 0 5 2 0 1 9 0 8 7 0 0 0 9 0 0 0 3 2 4 0 1 0 0 0 7 0 6 9 2 0 0 0 6 0 0 0 2 9 0 6 8 0 1 7 0 1 0 0 0 2 4 0 6 8 0 7 0 0 0 3 0 0 4	0.108527131783
7 0 6 3 0 8 0 0 9 0 0 0 2 6 0 3 0 0 0 5 0 0 0 0 0 8 0 0 0 0 9 0 1 8 0 2 4 0 0 0 0 0 0 0 6 9 0 3 8 0 6 0 0 0 0 9 0 0 0 0 0 7 0 0 0 5 0 2 4 0 0 0 6 0 0 1 0 3 2 0 4	0.349673202614
5 7 9 0 0 3 0 2 0 2 0 0 0 0 7 8 0 3 0 0 3 0 0 1 0 0 0 7 0 0 3 0 0 6 1 0 0 9 1 0 6 0 7 3 0 0 2 6 0 0 5 0 0 8 0 0 0 7 0 0 3 0 0 1 0 8 9 0 0 0 0 6 0 3 0 2 0 0 4 8 1	0.135869565217
5 0 0 6 8 0 0 0 0 0 0 4 0 0 0 8 0 3 0 0 3 0 2 1 0 0 7 7 0 5 3 4 9 0 1 2 0 9 0 0 0 0 0 3 0 3 2 0 1 7 5 9 0 8 6 0 0 7 1 0 3 0 0 1 0 8 0 0 0 2 0 0 0 0 0 0 5 6 0 0 1	0.324074074074
5 7 0 6 8 0 1 2 4 2 0 0 0 9 0 8 0 3 0 6 0 4 0 1 0 0 0 7 0 0 0 0 0 6 1 0 0 9 1 0 0 0 7 3 0 0 2 6 0 0 0 0 0 8 0 0 0 7 0 8 0 5 0 1 0 8 0 3 0 0 0 6 9 3 7 0 5 6 0 8 1	0.170542635659
5 7 9 0 8 3 0 0 4 0 0 0 5 0 0 0 6 0 0 6 3 4 0 0 0 9 7 0 0 0 3 4 0 0 1 2 0 9 0 0 6 0 0 3 0 3 2 0 0 7 5 0 0 0 6 4 0 0 0 8 3 5 0 0 5 0 0 0 4 0 0 0 9 0 0 2 5 0 4 8 1	0.231060606061
0 0 0 5 0 6 0 9 3 0 0 6 3 2 0 5 0 1 0 3 0 0 0 0 7 0 0 6 7 1 0 0 0 4 0 5 2 0 0 0 0 0 0 0 7 4 0 3 0 0 0 9 1 6 0 0 2 0 0 0 0 5 0 9 0 7 0 4 5 6 0 0 3 4 0 6 0 1 0 0 0	0.359929078014
1 0 4 5 0 0 8 9 0 0 9 6 3 0 0 5 0 1 5 3 0 4 1 0 0 0 0 6 0 0 0 0 0 0 2 5 2 0 9 0 0 0 3 0 7 4 8 0 0 0 0 0 0 6 0 0 0 0 3 7 0 5 4 9 0 7 0 0 5 6 3 0 0 4 5 0 0 1 2 0 9	0.127906976744
1 0 0 0 7 0 8 9 0 0 9 6 0 2 0 5 4 0 5 3 0 0 0 9 0 0 0 6 0 0 0 0 3 4 2 0 2 0 9 0 0 0 3 0 7 0 8 3 7 0 0 0 0 6 0 0 0 9 0 0 0 5 4 0 1 7 0 4 0 6 3 0 0 4 5 0 8 0 0 0 9	0.227777777778
0 0 0 8 0 0 0 0 2 7 8 0 0 6 5 4 0 0 2 1 0 0 0 0 0 3 6 0 2 0 0 8 6 0 9 0 0 0 7 0 9 0 2 0 0 0 9 0 7 3 0 0 6 0 4 3 0 0 0 0 0 7 5 0 0 2 3 7 0 0 8 4 6 0 0 0 0 4 0 0 0	0.265972222222
9 0 0 0 1 0 7 5 0 7 0 0 0 0 0 0 1 0 2 1 0 9 4 7 8 0 0 0 0 0 0 0 6 3 0 7 3 6 7 0 0 0 2 4 8 8 0 4 7 0 0 0 0 0 0 0 9 6 2 8 0 7 5 0 5 0 0 0 0 0 0 4 0 7 8 0 5 0 0 0 3	0.214814814815
9 4 0 0 0 3 7 0 0 7 0 3 0 0 0 4 1 0 2 0 5 9 4 0 0 0 0 0 2 0 4 8 6 3 0 0 0 0 0 5 9 1 0 0 0 0 0 4 7 3 2 0 6 0 0 0 0 0 2 8 1 0 5 0 5 2 0 0 0 6 0 4 0 0 8 1 0 0 0 2 3	0.215909090909
0 4 0 0 0 0 7 5 2 0 8 3 2 0 5 4 1 0 2 0 0 0 0 7 0 0 6 0 0 0 4 8 0 3 9 7 0 0 0 5 9 1 0 0 0 8 9 4 0 3 2 0 0 0 4 0 0 6 0 0 0 0 5 0 5 2 3 0 9 6 8 0 6 7 8 0 0 0 0 2 0	-0.154761904762
9 4 0 0 1 0 0 5 0 7 8 0 0 0 0 0 0 9 0 1 5 9 0 7 8 0 0 0 0 0 4 8 0 3 0 7 0 6 0 0 9 0 0 4 0 8 0 4 0 3 2 0 0 0 0 0 9 6 0 8 1 7 0 1 0 0 0 0 0 0 8 4 0 7 0 0 5 0 0 2 3	0.36231884058
8 6 0 0 0 9 4 7 0 0 0 0 5 3 4 0 0 0 1 0 0 8 7 0 0 0 9 0 0 1 9 8 0 7 0 0 0 0 0 7 0 2 0 0 0 0 0 7 0 4 5 3 0 0 6 0 0 0 5 1 0 0 8 0 0 0 4 9 8 0 0 0 0 9 8 2 0 0 0 4 5	0.37188449848
0 0 5 1 0 9 4 7 3 0 0 9 5 0 0 8 0 6 1 4 0 8 0 0 2 0 0 4 0 0 0 0 0 0 6 0 0 0 6 7 0 2 5 0 0 0 8 0 0 0 0 0 0 1 0 0 4 0 0 1 0 2 8 5 0 2 0 0 8 6 0 0 3 9 8 2 0 7 1 0 0	0.367407407407
0 0 5 1 0 9 0 7 3 0 2 9 0 0 0 8 1 0 1 4 0 0 0 6 0 0 9 0 0 0 9 8 3 0 6 0 0 0 0 0 0 0 0 0 0 0 8 0 6 4 5 0 0 0 6 0 0 3 0 0 0 2 8 0 1 2 0 0 0 6 3 0 3 9 0 2 0 7 1 0 0	0.163120567376
0 6 5 0 2 0 0 7 0 7 2 9 5 3 0 0 0 0 0 4 0 8 0 0 2 0 9 0 5 1 0 8 0 7 0 2 0 0 0 7 0 2 0 0 0 2 0 7 0 4 0 3 9 0 6 0 4 0 0 1 0 2 0 0 0 0 0 9 8 6 3 7 0 9 0 0 6 0 1 4 0	0.18992248062
0 0 0 0 2 0 4 7 0 0 2 9 5 0 4 8 0 0 0 4 0 8 7 0 0 0 9 0 5 0 9 8 0 0 6 0 0 0 6 7 0 2 5 0 0 0 8 0 0 4 5 0 9 0 6 0 0 0 5 1 0 2 0 0 0 2 4 0 8 6 3 0 0 9 8 0 6 0 0 0 0	0.259259259259
9 8 5 2 4 0 1 0 0 0 0 0 7 8 1 9 0 4 0 0 0 0 0 0 0 8 0 4 0 2 8 7 9 0 0 0 0 9 0 0 0 0 0 7 0 0 0 0 1 3 2 5 0 9 0 3 0 0 0 0 0 0 0 8 0 7 5 2 6 0 0 0 0 0 4 0 9 8 7 1 5	0.22962962963
0 8 5 0 4 0 0 0 0 3 2 6 7 0 1 0 0 0 0 0 0 9 6 0 0 0 2 4 0 2 8 0 0 0 3 1 0 9 3 0 0 0 2 7 0 6 7 0 0 0 2 5 0 9 5 0 0 0 1 7 0 0 0 0 0 0 5 0 6 4 9 3 0 0 0 0 9 0 7 1 0	0.211111111111
0 0 0 2 0 3 0 6 0 3 2 0 7 0 0 9 5 4 0 0 1 9 6 0 3 8 0 4 5 0 0 7 0 0 0 0 1 0 0 0 0 0 0 0 8 0 0 0 0 3 0 0 4 9 0 3 9 0 1 7 8 0 0 8 1 7 0 0 6 0 9 3 0 6 0 3 0 8 0 0 0	0.393333333333
0 8 0 0 0 0 0 6 7 3 2 6 0 0 1 0 5 0 0 0 1 0 6 5 0 0 2 0 0 0 8 7 0 0 0 1 0 9 0 0 0 0 0 7 0 6 0 0 0 3 2 0 0 0 5 0 0 4 1 0 8 0 0 0 1 0 5 0 0 4 9 3 2 6 0 0 0 0 0 1 0	0.176870748299
0 0 0 0 0 3 0 0 7 3 0 6 0 8 1 9 5 0 7 4 1 9 0 0 3 0 2 4 0 2 8 0 0 0 0 0 1 9 0 0 5 0 0 7 8 0 0 0 0 0 2 5 0 9 5 0 9 0 0 7 8 2 6 0 1 7 5 2 0 4 0 3 2 0 0 3 0 0 0 0 0	0.166666666667
1 0 2 0 0 0 5 9 0 0 0 0 5 0 1 7 2 0 0 8 6 9 2 0 0 0 0 0 5 0 0 0 0 2 0 7 6 4 0 0 0 0 0 1 9 8 0 1 0 0 0 0 4 0 0 0 0 0 6 2 9 5 0 0 6 5 8 0 3 0 0 0 0 3 4 0 0 0 8 0 1	0.241134751773
0 0 2 6 0 0 5 9 8 4 0 3 0 8 0 0 2 0 5 8 0 9 2 7 0 0 4 0 0 9 0 4 0 0 0 0 0 4 7 2 5 8 3 1 0 0 0 0 0 7 0 6 0 0 7 0 0 4 6 2 0 5 3 0 6 0 0 1 0 4 0 2 2 3 4 0 0 5 8 0 0	-0.0291666666667
0 0 2 0 0 0 5 0 0 4 0 0 0 8 0 7 2 6 5 8 0 9 2 0 0 0 4 3 5 0 1 0 6 2 0 0 0 4 7 0 5 0 3 1 0 0 0 1 3 0 9 0 4 5 7 0 0 0 6 2 0 5 3 9 6 5 0 1 0 0 0 2 0 0 4 0 0 0 8 0 0	-0.0119047619048
0 7 2 0 3 0 0 9 8 0 0 0 5 8 1 7 0 0 0 0 6 0 0 7 1 0 0 3 0 0 0 4 6 0 0 7 6 0 0 0 0 0 0 0 9 8 0 0 3 7 0 0 0 5 0 0 8 4 0 0 9 0 0 0 0 5 8 1 3 0 0 0 2 3 0 0 9 0 8 6 0	0.124113475177
0 3 0 7 0 0 0 0 5 0 9 0 0 6 2 8 0 0 0 5 7 8 0 3 6 1 0 0 0 0 4 7 6 0 3 0 5 7 0 0 0 0 0 8 6 0 4 0 1 8 5 0 0 0 0 6 5 9 0 7 3 2 0 0 0 9 3 5 0 0 6 0 7 0 0 0 0 8 0 5 0	0.449224806202
0 3 0 0 0 1 2 0 0 1 0 4 5 6 2 0 0 3 0 0 7 8 4 0 0 1 0 0 0 0 4 0 0 5 3 0 5 7 1 0 3 0 4 8 6 0 4 6 0 0 5 0 0 0 0 6 0 0 1 7 3 0 0 8 0 0 3 5 4 1 0 7 0 0 3 6 0 0 0 5 0	0.28373015873
6 0 0 7 0 0 2 0 5 1 0 4 0 6 0 0 0 3 0 5 0 0 4 0 0 0 0 9 0 2 0 7 0 5 3 0 5 0 0 2 3 9 0 0 6 0 4 6 0 8 0 7 0 2 0 0 0 0 1 0 0 2 0 8 0 0 0 5 0 1 0 7 7 0 3 0 0 8 0 0 4	0.273550724638
6 0 0 7 0 0 0 4 0 0 9 4 0 6 0 0 7 0 2 5 7 8 0 0 0 0 9 0 0 2 0 0 0 0 3 1 5 7 0 2 0 9 0 8 6 3 4 0 0 0 0 7 0 0 4 0 0 0 0 7 3 2 8 0 2 0 0 5 0 1 6 0 0 1 0 0 0 8 0 0 4	0.268518518519
0 3 8 0 0 0 2 4 0 1 9 0 0 6 0 0 7 0 2 5 0 8 0 3 0 0 0 0 8 0 0 7 6 0 0 1 5 7 0 0 0 0 0 8 6 3 0 0 1 8 0 0 9 0 0 0 0 9 0 7 0 2 8 0 2 0 0 5 0 0 6 7 0 1 3 0 0 0 9 5 0	0.273333333333
0 0 0 5 0 0 0 8 4 8 5 0 0 0 7 9 1 0 0 0 6 3 0 0 0 7 5 5 0 0 9 0 0 0 0 3 7 3 8 0 5 0 1 6 9 6 0 0 0 0 3 0 0 7 1 6 0 0 0 9 7 0 0 0 8 4 7 0 0 0 5 1 3 2 0 0 0 5 0 0 0	0.379545454545
0 7 9 0 0 1 3 8 0 0 0 3 4 2 7 0 1 0 0 0 6 0 0 0 2 0 0 5 0 0 0 0 6 8 2 3 0 0 0 2 0 4 0 0 0 6 9 2 1 0 0 0 0 7 0 0 5 0 0 0 7 0 0 0 8 0 7 3 2 6 0 0 0 2 7 6 0 0 4 9 0	0.0925925925926
0 7 0 0 6 1 0 8 0 8 5 3 0 0 0 9 1 0 0 0 0 0 9 0 0 0 5 0 4 1 0 0 0 8 0 3 0 3 0 2 5 4 0 6 0 6 0 2 0 0 0 5 4 0 1 0 0 0 4 0 0 0 0 0 8 4 0 0 0 6 5 1 0 2 0 6 1 0 0 9 0	0.366977225673
0 7 9 0 6 1 3 8 0 0 0 0 0 2 0 0 0 0 4 0 0 0 0 0 0 7 5 0 4 0 0 7 6 8 0 0 0 3 8 2 0 4 1 6 0 0 0 2 1 8 0 0 4 0 1 6 0 0 0 0 0 0 2 0 0 0 0 3 0 0 0 0 0 2 7 6 1 0 4 9 0	0.439716312057
2 0 9 5 0 0 0 8 0 8 5 0 0 2 0 9 0 0 0 0 0 0 9 0 0 7 5 0 0 0 0 7 6 0 2 3 0 0 8 2 0 4 1 0 0 6 9 0 1 8 0 0 0 0 1 6 0 0 4 0 0 0 0 0 0 4 0 3 0 0 5 1 0 2 0 0 0 5 4 0 8	0.356737588652
0 8 0 0 0 3 0 0 0 5 1 0 0 0 4 7 9 0 0 4 0 1 6 0 0 0 5 0 0 4 0 3 0 0 5 8 6 0 0 5 2 8 0 0 4 8 7 0 0 9 0 3 0 0 1 0 0 0 4 2 0 3 0 0 6 9 3 0 0 0 2 1 0 0 0 6 0 0 0 4 0	0.364130434783
0 8 0 9 0 0 4 0 0 5 0 6 0 8 0 7 9 0 9 4 3 0 6 0 0 8 0 0 9 0 0 0 0 1 5 8 6 0 0 5 2 8 0 0 4 8 7 5 0 0 0 0 6 0 0 5 0 0 4 0 6 3 9 0 6 9 0 7 0 8 0 1 0 0 8 0 0 9 0 4 0	0.236111111111
0 0 2 0 0 0 4 0 0 0 0 0 2 8 0 7 9 3 0 4 0 1 6 7 2 8 0 2 0 0 7 3 0 1 5 0 0 3 1 0 0 0 9 7 0 0 7 5 0 9 1 0 0 2 0 5 7 8 4 2 0 3 0 4 6 9 0 7 5 0 0 0 0 0 8 0 0 0 5 0 0	0.0934959349593
7 0 2 0 0 0 0 1 6 0 1 6 2 0 4 7 9 0 0 0 3 0 6 0 0 8 0 2 9 0 0 3 0 1 5 0 0 0 1 5 2 8 9 0 0 0 7 5 0 9 0 0 6 2 0 5 0 0 4 0 6 0 0 0 6 9 3 0 5 8 2 0 3 2 0 0 0 0 5 0 7	0.120833333333
1 6 5 0 0 0 0 0 0 0 4 8 0 3 1 6 0 5 2 9 0 5 7 6 0 0 1 4 0 7 0 6 3 0 0 0 6 0 0 2 0 4 0 0 7 0 0 0 7 1 0 3 0 4 8 0 0 3 9 7 0 1 6 3 0 6 1 8 0 4 7 0 0 0 0 0 0 0 5 3 8	0.0940170940171
0 6 5 0 0 0 0 9 3 7 0 8 0 3 0 6 0 0 0 9 0 0 7 0 8 0 1 0 1 7 8 0 0 9 5 2 0 3 0 2 5 4 0 8 0 5 8 2 0 0 9 3 6 0 8 0 4 0 9 0 0 1 0 0 0 6 0 8 0 4 0 9 9 7 0 0 0 0 5 3 0	0.1125
0 0 0 0 0 0 0 9 0 0 0 0 9 0 1 6 2 0 2 9 0 5 7 0 8 4 1 4 0 0 0 6 0 9 0 2 0 3 9 2 0 4 1 8 0 5 0 2 0 1 0 0 0 4 8 5 4 0 9 7 0 1 6 0 2 6 1 0 5 0 0 0 0 7 0 0 0 0 0 0 0	0.425968992248
0 0 0 0 1 0 0 0 8 0 0 8 4 6 3 0 2 0 0 0 3 0 0 2 5 4 7 0 0 0 8 0 0 0 0 4 7 0 1 0 3 0 9 0 6 4 0 0 0 0 6 0 0 0 1 2 7 3 0 0 6 0 0 0 3 0 6 9 5 2 0 0 9 0 0 0 2 0 0 0 0	0.204861111111
0 0 9 0 1 7 3 6 0 5 0 0 4 0 3 1 0 0 0 0 0 9 0 0 0 4 7 3 0 2 0 0 9 0 0 4 7 8 1 0 0 0 9 5 6 4 0 0 1 0 0 8 0 2 1 2 0 0 0 8 0 0 0 0 0 4 6 0 5 0 0 1 0 5 6 7 2 0 4 0 0	0.166666666667
0 0 0 5 0 7 0 0 8 0 7 8 4 6 3 0 2 0 0 0 0 0 0 2 5 4 0 0 0 0 8 0 0 7 1 4 0 8 0 0 3 0 0 5 0 4 9 5 0 0 6 0 0 0 0 2 7 3 0 0 0 0 0 0 3 0 6 9 5 2 7 0 9 0 0 7 0 1 0 0 0	0.307971014493
0 4 9 0 1 0 0 0 0 0 0 0 0 6 0 0 2 0 6 1 3 0 0 0 5 0 7 0 6 2 8 0 0 0 0 4 0 8 0 2 0 4 0 5 0 4 0 0 0 0 6 8 3 0 1 0 7 0 0 0 6 9 5 0 3 0 0 9 0 0 0 0 0 0 0 0 2 0 4 8 0	0.318707482993
2 0 0 0 1 0 3 0 8 5 0 0 4 6 0 1 0 9 0 1 0 9 0 0 5 4 0 0 0 2 0 5 0 0 1 0 0 0 0 2 3 4 0 0 0 0 9 0 0 7 0 8 0 0 0 2 7 0 0 8 0 9 0 8 0 4 0 9 5 0 0 1 9 0 6 0 2 0 0 0 3	0.20652173913
0 1 6 0 0 8 0 0 7 5 0 0 0 1 0 2 0 3 8 3 0 5 7 0 9 0 0 0 0 0 2 4 0 3 0 5 2 0 0 0 0 0 0 0 8 3 0 1 0 9 5 0 0 0 0 0 9 0 8 7 0 3 2 1 0 8 0 5 0 0 0 4 7 0 0 4 0 0 8 1 0	0.296296296296
0 0 0 0 2 8 0 5 0 0 7 4 6 1 0 2 8 0 0 0 2 0 7 0 9 0 1 0 8 0 0 0 0 3 9 5 0 0 5 7 0 6 1 0 0 3 4 1 0 0 0 0 2 0 4 0 9 0 8 0 5 0 0 0 2 8 0 5 3 6 7 0 0 5 0 4 6 0 0 0 0	0.217054263566
9 0 0 0 2 8 0 5 7 5 0 0 0 1 9 2 0 3 0 3 0 5 0 0 0 6 0 0 8 0 2 0 0 3 9 5 0 0 0 7 0 6 0 0 0 3 4 1 0 0 5 0 2 0 0 6 0 0 0 7 0 3 0 1 0 8 9 5 0 0 0 4 7 5 0 4 6 0 0 0 9	-0.0271317829457
0 1 6 0 2 0 0 0 0 5 0 4 6 1 9 0 0 3 0 0 2 5 7 0 9 6 0 0 0 7 0 4 0 0 9 5 0 0 0 0 0 0 0 0 0 3 4 0 0 9 0 7 0 0 0 6 9 0 8 7 5 0 0 1 0 0 9 5 3 6 0 4 0 0 0 0 6 0 8 1 0	0.261111111111
9 0 6 3 0 0 4 0 0 0 7 0 0 1 9 0 0 3 8 0 0 0 0 0 0 6 0 0 0 0 0 4 1 0 0 5 0 9 5 7 0 6 1 4 0 3 0 0 8 9 0 0 0 0 0 6 0 0 0 0 0 0 2 1 0 0 9 5 0 0 7 0 0 0 3 0 0 2 8 0 9	0.391156462585
0 8 3 5 0 0 9 2 0 0 0 9 0 1 8 0 0 0 6 7 0 0 4 0 0 1 8 0 5 0 6 0 0 0 4 3 0 0 0 8 0 4 0 0 0 4 3 0 0 0 1 0 9 0 7 2 0 0 6 0 0 3 5 0 0 0 7 8 0 1 0 0 0 1 6 0 0 3 7 8 0	0.177777777778
0 0 0 0 7 0 9 2 0 2 4 0 3 0 0 6 5 0 0 0 0 9 4 2 3 1 0 8 5 0 6 0 0 0 4 3 0 6 0 0 0 0 0 7 0 4 3 0 0 0 1 0 9 6 0 2 8 1 6 9 0 0 0 0 9 4 0 0 5 0 6 2 0 1 6 0 2 0 0 0 0	0.291085271318
0 0 3 0 7 0 9 0 0 2 0 0 3 0 8 6 0 0 0 7 5 9 0 2 0 1 0 0 5 0 0 0 0 2 4 3 0 0 2 8 3 4 5 0 0 4 3 7 0 0 0 0 9 0 0 2 0 1 0 9 4 3 0 0 0 4 7 0 5 0 0 2 0 0 6 0 2 0 7 0 0	0.30303030303
0 8 0 0 7 6 9 0 4 0 0 0 0 0 8 0 5 0 0 0 0 9 0 2 3 1 8 0 5 1 0 0 0 2 0 3 0 6 2 0 0 0 5 7 0 4 0 7 0 0 0 8 9 0 7 2 8 1 0 9 0 0 0 0 9 0 7 0 0 0 0 0 5 0 6 4 2 0 0 8 0	0.203703703704
8 5 2 0 1 9 0 0 4 0 0 3 0 0 4 0 0 1 0 0 0 7 6 0 0 2 0 0 4 7 0 5 0 0 8 0 3 0 0 0 0 0 0 0 2 0 1 0 0 3 0 9 4 0 0 6 0 0 8 3 0 0 0 1 0 0 5 0 0 8 0 0 5 0 0 1 9 0 4 7 6	0.216312056738
8 0 2 0 1 9 0 0 4 0 7 3 0 0 4 0 0 0 4 9 1 7 0 0 0 0 0 9 0 0 0 5 0 0 8 0 0 0 0 9 0 7 0 0 0 0 1 0 0 3 0 0 0 7 0 0 0 0 0 3 2 1 5 0 0 0 5 0 0 8 3 0 5 0 0 1 9 0 4 0 6	0.42380952381
0 0 2 0 1 9 0 0 4 0 0 3 8 2 4 5 0 1 0 0 1 7 6 0 3 2 0 9 0 0 0 0 0 6 8 3 0 0 0 0 4 0 0 0 0 2 1 5 0 0 0 0 0 7 0 6 9 0 8 3 2 0 0 1 0 4 5 7 6 8 0 0 5 0 0 1 9 0 4 0 0	-0.130952380952
0 0 0 0 0 0 7 0 4 6 0 3 8 2 4 5 0 0 0 9 1 7 0 0 0 0 0 9 0 0 2 5 0 6 8 0 0 8 6 9 4 7 1 5 0 0 1 5 0 3 8 0 0 7 0 0 0 0 0 3 2 1 0 0 0 4 5 7 6 8 0 9 5 0 8 0 0 0 0 0 0	-0.142857142857
1 7 0 5 0 0 6 8 0 3 5 2 0 0 8 1 0 7 0 4 0 1 0 7 0 0 9 0 0 0 4 0 0 2 9 0 0 0 6 0 5 0 8 0 0 0 9 1 0 0 6 0 0 0 5 0 0 9 0 4 0 6 0 8 0 4 7 0 0 9 3 5 0 2 7 0 0 5 0 1 8	0.0595238095238
0 0 9 0 0 0 0 8 3 0 5 0 6 0 8 1 0 7 6 0 0 1 0 0 5 2 0 7 0 0 0 1 3 2 0 6 4 3 0 0 0 0 0 7 1 2 0 1 8 7 0 0 0 4 0 1 3 0 0 4 0 0 2 8 0 4 7 0 1 0 3 0 9 2 0 0 0 0 4 0 0	0.149224806202
0 7 0 0 4 2 0 0 3 0 5 2 0 0 8 0 4 7 0 0 0 1 3 0 0 2 0 7 8 0 0 0 0 0 0 6 0 0 6 2 0 9 8 0 0 2 0 0 0 0 0 0 5 4 0 1 0 0 8 4 0 0 0 8 6 0 7 0 0 9 3 0 9 0 0 3 6 0 0 1 0	0.163120567376
1 7 9 5 4 2 0 8 0 0 0 2 6 0 0 0 0 7 0 4 8 1 0 0 5 0 0 0 0 0 0 0 0 2 0 6 0 3 0 0 0 0 0 7 0 2 0 1 0 0 0 0 0 0 0 0 3 0 0 4 7 6 0 8 0 0 0 0 1 9 0 0 0 2 0 3 6 5 4 1 8	0.417730496454
0 0 0 0 0 0 2 5 0 0 2 3 7 0 1 9 0 0 0 6 0 0 2 8 3 0 7 6 7 0 8 0 0 4 0 3 0 0 8 2 0 7 1 0 0 2 0 5 0 0 4 0 6 8 7 0 6 3 1 0 0 4 0 0 0 9 4 0 5 6 7 0 0 8 2 0 0 0 0 0 0	0.0271317829457
8 0 7 6 9 0 0 5 4 0 2 0 0 4 1 9 8 0 0 6 0 0 2 0 0 0 7 0 0 0 8 0 9 4 2 0 3 0 0 2 0 7 0 0 5 0 9 5 1 0 4 0 0 0 7 0 0 0 1 0 0 4 0 0 3 9 4 8 0 0 7 0 4 8 0 0 7 6 5 0 1	0.0691056910569
0 1 7 0 0 3 0 0 0 5 0 3 0 0 1 9 0 6 9 0 0 5 2 0 0 0 0 0 0 0 8 0 0 4 2 3 3 0 0 2 0 7 0 0 5 2 9 5 0 0 4 0 0 0 0 0 0 0 1 2 0 0 9 1 0 9 4 0 0 6 0 2 0 0 0 9 0 0 5 3 0	0.402127659574
0 0 9 0 5 0 8 0 0 3 0 0 0 1 0 2 4 9 0 1 4 9 0 0 0 0 0 7 0 0 0 2 9 0 0 4 0 4 0 5 0 6 0 8 0 5 0 0 1 4 0 0 0 3 0 0 0 0 0 1 4 5 0 4 8 1 0 9 0 0 0 7 0 0 5 0 3 0 1 0 0	0.419503546099
2 7 9 4 0 0 8 0 0 0 5 0 0 0 7 0 0 0 0 1 0 9 0 0 0 3 5 7 0 0 3 0 0 0 0 0 0 4 3 5 7 6 9 8 0 0 0 0 0 0 8 0 0 3 9 3 0 0 0 1 0 5 0 0 0 0 6 0 0 0 2 0 0 0 5 0 0 4 1 9 8	0.416666666667
