3 5 0 0 0 9 4 0 0 0 9 0 4 0 0 0 0 3 0 4 0 8 6 0 0 9 0 4 7 0 0 1 0 9 0 0 0 3 0 6 0 4 0 2 0 0 0 2 0 3 0 0 7 4 0 6 0 0 8 2 0 4 0 7 0 0 0 0 1 0 5 0 0 0 4 7 0 0 0 8 1	0.608865248227
0 0 6 0 0 4 0 7 0 0 0 3 0 0 0 2 0 0 7 0 0 2 0 8 1 0 0 9 0 2 8 0 1 5 0 0 0 0 0 0 0 0 0 0 0 0 0 4 7 0 5 3 0 1 0 0 1 3 0 2 0 0 8 0 0 5 0 0 0 9 0 0 0 9 0 5 0 0 6 0 0	0.600673854447
4 0 0 3 0 0 0 0 0 0 2 0 0 7 0 0 6 0 0 7 8 5 6 0 4 0 0 9 5 0 0 4 0 1 0 8 6 0 3 0 0 0 5 0 4 7 0 4 0 5 0 0 9 6 0 0 5 0 3 7 6 4 0 0 4 0 0 8 0 0 3 0 0 0 0 0 0 6 0 0 5	0.606382978723
0 5 2 0 0 8 9 3 0 1 0 0 4 0 0 0 5 2 0 3 0 5 0 0 8 0 0 0 0 0 0 6 5 0 0 8 0 0 0 0 8 0 0 0 0 8 0 0 9 4 0 0 0 0 0 0 9 0 0 1 0 7 0 3 7 0 0 0 4 0 0 9 0 1 6 8 0 0 5 2 0	0.685031746032
0 1 7 0 0 3 0 0 0 5 2 0 7 0 0 0 8 0 0 0 0 0 2 0 3 0 0 0 0 0 8 5 9 0 2 3 3 0 0 2 0 7 0 0 5 2 9 0 1 3 4 0 0 0 0 0 6 0 1 0 0 0 0 0 3 0 0 0 5 0 7 2 0 0 0 9 0 0 5 3 0	0.69387755102
3 0 4 5 1 7 2 0 9 0 0 7 0 0 4 5 0 1 0 0 0 0 2 0 4 0 0 7 0 0 0 0 0 6 0 0 0 4 1 3 0 5 8 9 0 0 0 5 0 0 0 0 0 4 0 0 3 0 6 0 0 0 0 9 0 6 1 0 0 3 0 0 5 0 2 7 4 3 9 0 6	0.691111111111
0 0 0 0 0 0 0 0 9 3 4 0 9 0 0 5 2 0 0 0 0 0 2 1 0 0 3 8 0 0 4 1 2 0 7 0 0 7 0 5 0 9 0 1 0 0 2 0 8 7 6 0 0 4 4 0 0 2 9 0 0 0 0 0 6 3 0 0 4 0 5 2 2 0 0 0 0 0 0 0 0	0.668367346939
6 0 9 4 0 0 0 8 0 8 0 0 9 0 0 5 0 4 0 5 0 0 0 7 9 0 0 7 0 0 6 3 2 8 9 0 0 0 0 8 0 1 0 0 0 0 6 8 5 4 9 0 0 3 0 0 4 1 0 0 0 5 0 3 0 6 0 0 8 0 0 9 0 8 0 0 0 4 7 0 6	0.677777777778
0 1 8 0 0 0 6 4 0 6 0 0 8 0 0 0 0 3 0 0 3 5 6 1 7 9 0 4 8 0 9 0 3 0 0 0 0 0 0 0 0 0 0 0 0 0 0 0 4 0 6 0 8 1 0 6 4 1 9 2 3 0 0 1 0 0 0 0 8 0 0 9 0 3 2 0 0 0 8 1 0	0.695035460993
0 1 0 0 2 0 0 0 4 4 0 7 0 0 0 2 0 0 0 0 9 8 4 0 3 1 0 7 0 0 1 0 0 6 0 0 3 9 0 2 0 8 0 5 1 0 0 1 0 0 4 0 0 9 0 7 5 0 8 1 9 0 0 0 0 8 0 0 0 1 0 3 1 0 0 0 9 0 0 6 0	0.708662613982
0 9 0 0 0 3 0 1 0 2 0 8 0 0 7 3 0 0 4 0 0 0 0 0 5 8 0 0 0 4 5 0 8 0 0 0 0 8 0 9 0 1 0 7 0 0 0 0 7 0 2 4 0 0 0 4 6 0 0 0 0 0 2 0 0 9 6 0 0 8 0 1 0 2 0 3 0 0 0 5 0	0.627225334578
0 9 0 0 7 0 2 0 0 0 6 3 0 0 0 0 0 0 0 4 7 5 1 0 3 0 9 0 2 9 0 0 0 1 0 0 0 0 0 9 0 2 0 0 0 0 0 5 0 0 0 6 9 0 1 0 4 0 8 7 9 6 0 0 0 0 0 0 0 7 2 0 0 0 2 0 3 0 0 4 0	0.702614379085
1 0 0 4 5 9 0 0 0 8 0 3 0 7 0 9 0 0 0 0 0 0 0 8 0 0 0 5 0 8 0 0 2 6 0 0 9 0 0 0 6 0 0 0 7 0 0 7 9 0 0 1 0 5 0 0 0 2 0 0 0 0 0 0 0 6 0 8 0 2 0 4 0 0 0 5 9 4 0 0 3	0.606227106227
0 4 0 2 0 6 3 0 0 3 2 6 0 1 0 5 0 4 1 0 0 0 4 0 0 0 0 5 0 0 0 0 4 2 0 0 7 1 0 5 0 8 0 3 6 0 0 4 7 0 0 0 0 5 0 0 0 0 3 0 0 0 1 6 0 1 0 8 0 9 5 3 0 0 3 9 0 1 0 4 0	0.628148148148
5 7 0 1 0 0 0 4 9 4 0 0 0 0 0 7 0 0 0 9 8 4 2 0 0 0 0 9 0 0 2 0 5 4 0 0 0 6 0 0 0 0 0 9 0 0 0 4 6 0 3 0 0 5 0 0 0 0 6 2 8 5 0 0 0 6 0 0 0 0 0 4 2 5 0 0 0 4 0 6 7	0.731292517007
1 0 0 6 0 5 0 8 0 7 5 0 0 2 0 0 6 0 0 2 0 3 0 0 5 0 0 8 9 0 7 0 0 0 5 0 0 0 3 0 0 0 8 0 0 0 1 0 0 0 8 0 7 9 0 0 1 0 0 2 0 3 0 0 4 0 0 7 0 0 1 6 0 8 0 1 0 6 0 0 5	0.618634596696
0 3 0 9 0 0 7 0 0 0 0 5 0 0 2 0 9 4 0 0 7 0 4 5 6 0 2 0 4 0 0 6 0 2 0 1 0 0 0 0 0 0 0 0 0 7 0 1 0 2 0 0 6 0 6 0 2 4 5 0 1 0 0 5 9 0 2 0 0 4 0 0 0 0 3 0 0 9 0 2 0	0.656462585034
0 0 0 7 0 0 0 0 5 1 0 3 8 0 4 6 0 9 0 7 0 0 0 0 1 3 0 0 0 0 4 7 0 5 0 8 0 0 0 2 0 9 0 0 0 7 0 6 0 5 8 0 0 0 0 9 7 0 0 0 0 5 0 2 0 8 5 0 3 9 0 7 4 0 0 0 0 7 0 0 0	0.64387755102
0 7 5 4 0 6 8 0 2 8 0 0 7 0 0 1 0 0 0 4 0 0 9 0 0 7 0 0 0 1 9 0 4 0 0 0 0 0 0 0 8 0 0 0 0 0 0 0 5 0 3 6 0 0 0 1 0 0 4 0 0 8 0 0 0 4 0 0 9 0 0 1 2 0 7 3 0 1 9 5 0	0.634571428571
1 7 0 2 9 0 3 0 0 3 0 0 0 0 8 0 7 0 0 0 6 7 3 0 9 0 0 7 9 0 0 0 0 0 3 0 0 1 2 3 0 9 7 8 0 0 8 0 0 0 0 0 2 9 0 0 7 0 1 3 2 0 0 0 4 0 6 0 0 0 0 3 0 0 1 0 4 2 0 6 7	0.623015873016
0 0 0 9 5 0 0 4 0 9 0 8 0 0 7 0 1 2 4 0 6 0 0 0 7 0 0 5 0 0 0 6 1 8 2 0 0 8 0 0 0 0 0 6 0 0 1 2 5 8 0 0 0 9 0 0 3 0 0 0 9 0 7 7 6 0 2 0 0 1 0 4 0 9 0 0 7 5 0 0 0	0.702127659574
0 4 7 0 6 0 5 8 0 0 0 1 0 9 4 3 6 0 0 0 0 0 0 3 4 0 1 0 6 2 0 0 0 0 0 5 0 0 0 9 5 6 0 0 0 5 0 0 0 0 0 6 3 0 2 0 4 6 0 0 0 0 0 0 7 5 3 2 0 9 0 0 0 3 8 0 4 0 2 5 0	0.75
9 1 0 3 5 0 0 7 0 8 0 0 0 0 0 0 0 4 0 2 4 7 0 0 0 3 0 0 6 0 0 3 5 0 4 1 0 0 9 0 0 0 3 0 0 2 3 0 4 6 0 0 9 0 0 9 0 0 0 2 5 1 0 3 0 0 0 0 0 0 0 9 0 5 0 0 9 3 0 8 7	0.643617021277
0 0 0 0 0 9 0 6 2 6 0 2 0 5 7 8 0 1 0 0 0 0 0 2 5 0 0 0 8 0 0 0 1 0 0 5 0 0 1 7 4 5 6 0 0 7 0 0 3 0 0 0 1 0 0 0 8 1 0 0 0 0 0 1 0 4 5 2 0 7 0 3 3 7 0 9 0 0 0 0 0	0.632192460317
2 0 0 3 6 7 5 0 0 0 0 4 0 0 0 0 6 0 3 0 0 0 0 1 7 0 0 0 0 0 0 0 8 4 0 2 4 8 5 0 1 0 3 7 6 1 0 3 6 0 0 0 0 0 0 0 1 9 0 0 0 0 5 0 3 0 0 0 0 2 0 0 0 0 2 7 8 3 0 0 1	0.670138888889
0 2 0 7 0 0 4 0 0 0 0 0 2 0 4 0 0 0 9 4 8 0 0 0 0 0 7 3 0 2 0 7 0 0 0 6 0 6 5 0 0 0 7 1 0 7 0 0 0 1 0 3 0 2 6 0 0 0 0 0 8 3 4 0 0 0 3 0 1 0 0 0 0 0 3 0 0 7 0 9 0	0.748692810458
0 7 2 0 0 4 0 1 5 8 0 0 7 0 0 0 0 0 0 0 0 8 0 0 0 7 4 0 2 3 5 4 0 0 0 0 0 0 0 1 0 7 0 0 0 0 0 0 0 3 8 1 2 0 9 8 0 0 0 5 0 0 0 0 0 0 0 0 1 0 0 6 2 1 0 3 0 0 4 5 0	0.604038281979
7 0 6 0 3 0 0 0 0 0 8 1 0 0 0 0 3 0 3 0 0 1 0 8 6 0 0 1 0 0 7 0 6 0 2 0 6 5 0 0 0 0 0 8 7 0 3 0 4 0 5 0 0 6 0 0 3 8 0 2 0 0 1 0 1 0 0 0 0 9 4 0 0 0 0 0 1 0 3 0 2	0.717346938776
0 3 0 0 2 0 1 0 0 4 0 0 0 6 0 0 7 0 0 0 1 3 0 0 0 0 0 0 2 0 0 1 6 0 8 4 8 4 6 2 0 3 5 1 7 7 1 0 5 4 0 0 9 0 0 0 0 0 0 1 7 0 0 0 6 0 0 3 0 0 0 9 0 0 8 0 7 0 0 2 0	0.613475177305
0 4 9 0 0 7 0 0 0 8 0 0 2 0 0 4 0 5 1 0 0 0 4 0 6 0 3 0 7 2 0 0 5 1 0 0 4 0 0 1 0 2 0 0 7 0 0 1 4 0 0 5 2 0 5 0 3 0 8 0 0 0 1 2 0 4 0 0 1 0 0 6 0 0 0 3 0 0 9 5 0	0.604559270517
0 6 0 5 2 0 0 0 8 7 0 0 0 0 0 9 0 2 0 8 2 7 1 0 5 6 0 0 5 9 0 0 0 0 0 6 0 7 6 0 0 0 1 4 0 8 0 0 0 0 0 7 2 0 0 1 8 0 3 6 2 5 0 6 0 3 0 0 0 0 0 1 5 0 0 0 4 1 0 9 0	0.611111111111
0 0 0 0 0 0 7 0 2 7 0 0 0 1 0 9 0 0 0 5 0 0 7 8 0 1 0 0 7 3 6 0 0 0 2 0 6 8 9 0 2 0 1 5 7 0 2 0 0 0 9 8 3 0 0 9 0 8 6 0 0 4 0 0 0 5 0 9 0 0 0 8 2 0 8 0 0 0 0 0 0	0.610069444444
0 6 9 0 5 0 2 0 0 0 0 0 0 0 0 0 8 1 4 0 0 3 0 0 0 6 0 0 4 0 0 0 1 8 0 9 0 5 0 8 0 4 0 2 0 2 0 1 5 0 0 0 7 0 0 3 0 0 0 6 0 0 2 7 2 0 0 0 0 0 0 0 0 0 8 0 1 0 3 4 0	0.699346405229
0 0 0 0 0 0 0 7 0 8 7 0 3 5 1 0 0 0 2 4 0 0 0 7 0 8 0 7 0 0 9 0 0 0 1 0 0 9 5 0 0 0 8 2 0 0 2 0 0 0 3 0 0 7 0 3 0 8 0 0 0 4 9 0 0 0 1 3 4 0 5 8 0 1 0 0 0 0 0 0 0	0.600046685341
4 0 3 0 7 0 0 0 0 1 8 2 0 0 0 0 0 0 0 6 0 8 4 0 0 1 0 5 0 0 0 0 0 0 6 3 0 2 0 5 9 3 0 7 0 3 4 0 0 0 0 0 0 5 0 3 0 0 5 6 0 2 0 0 0 0 0 0 0 9 5 8 0 0 0 0 2 0 1 0 6	0.666575757576
8 5 3 6 0 4 0 0 2 9 0 4 0 3 0 6 0 0 0 6 0 0 0 0 0 3 4 0 0 0 0 0 0 4 9 0 5 0 0 0 0 0 0 0 7 0 7 9 0 0 0 0 0 0 3 1 0 0 0 0 0 6 0 0 0 5 0 7 0 3 0 1 7 0 0 1 0 3 5 4 9	0.684839650146
8 0 0 6 0 0 3 0 0 0 0 0 0 1 0 0 0 8 0 6 9 7 0 0 1 5 0 0 0 0 0 0 7 8 4 9 0 0 2 8 0 9 7 0 0 9 7 8 3 0 0 0 0 0 0 5 1 0 0 6 2 8 0 7 0 0 0 8 0 0 0 0 0 0 6 0 0 4 0 0 1	0.622238419177
3 0 2 0 9 0 0 0 0 4 5 9 0 7 1 6 0 0 0 1 0 3 5 0 0 0 0 2 0 4 7 0 0 8 0 0 0 0 0 0 1 0 0 0 0 0 0 1 0 0 9 7 0 2 0 0 0 0 4 3 0 6 0 0 0 3 1 2 0 9 7 4 0 0 0 0 6 0 3 0 5	0.658283730159
1 0 0 9 0 3 4 0 0 3 0 0 0 1 0 0 0 0 0 0 9 0 0 6 1 7 0 0 0 3 4 0 5 0 6 0 0 0 4 0 0 0 5 0 0 0 2 0 3 0 9 7 0 0 0 6 8 7 0 0 9 0 0 0 0 0 0 9 0 0 0 7 0 0 7 8 0 4 0 0 1	0.614845938375
0 0 0 2 0 0 0 6 3 6 0 9 0 4 0 0 0 0 0 0 0 0 9 0 0 5 0 0 6 0 7 2 0 1 0 0 3 9 2 0 0 0 7 4 5 0 0 1 0 5 3 0 2 0 0 7 0 0 8 0 0 0 0 0 0 0 0 7 0 5 0 8 9 5 0 0 0 2 0 0 0	0.6156940554
5 0 4 0 1 7 9 0 0 0 0 0 3 0 5 0 8 0 0 0 7 0 9 0 4 0 1 8 0 0 0 0 0 1 3 0 0 9 0 8 0 1 0 4 0 0 4 1 0 0 0 0 0 6 4 0 6 0 8 0 3 0 0 0 2 0 4 0 6 0 0 0 0 0 8 1 3 0 6 0 4	0.718439716312
9 0 5 1 4 0 0 0 3 0 8 0 0 0 0 0 5 0 0 3 1 0 0 5 0 0 0 5 7 0 8 0 0 3 0 0 4 1 0 0 0 0 0 2 7 0 0 3 0 0 2 0 1 9 0 0 0 6 0 0 9 3 0 0 9 0 0 0 0 0 7 0 1 0 0 0 3 9 6 0 2	0.681729834791
0 0 0 0 0 1 9 0 8 9 0 3 0 4 8 5 0 0 0 0 1 6 9 5 0 0 3 0 8 0 0 3 0 6 0 0 0 3 4 0 0 0 7 2 0 0 0 9 0 5 0 0 8 0 1 0 0 4 6 3 8 0 0 0 0 5 1 8 0 4 0 2 4 0 8 5 0 0 0 0 0	0.601851851852
0 0 4 8 3 0 0 0 0 2 0 8 0 0 4 0 0 0 7 3 0 0 1 0 0 4 0 0 7 0 6 0 0 3 2 0 3 6 2 0 0 0 4 9 1 0 8 1 0 0 3 0 5 0 0 9 0 0 5 0 0 7 4 0 0 0 1 0 0 5 0 9 0 0 0 0 9 6 1 0 0	0.671833839919
9 5 2 4 0 0 0 0 7 0 0 0 0 0 0 0 0 5 8 0 0 0 2 9 0 0 6 0 0 0 0 0 1 8 0 0 2 0 0 7 0 3 0 0 9 0 0 8 9 0 0 0 0 0 7 0 0 6 3 0 0 0 8 5 0 0 0 0 0 0 0 0 6 0 0 0 0 2 7 9 3	0.67065738245
0 0 5 0 0 9 0 6 7 6 0 0 8 0 0 5 0 2 0 0 0 1 0 5 0 0 9 0 0 0 4 0 0 0 7 0 0 7 8 0 5 0 3 4 0 0 2 0 0 0 1 0 0 0 2 0 0 5 0 6 0 0 0 8 0 3 0 0 4 0 0 5 5 6 0 9 0 0 7 0 0	0.73
2 0 0 0 6 0 0 0 4 7 0 0 8 2 4 0 1 3 0 0 0 0 0 0 6 0 0 8 4 0 0 7 0 0 9 0 9 0 2 0 0 0 8 0 7 0 7 0 0 5 0 0 2 6 0 0 9 0 0 0 0 0 0 6 1 0 7 4 5 0 0 9 4 0 0 0 3 0 0 0 8	0.610730482669
0 2 0 8 0 0 0 0 0 0 9 0 5 4 0 0 0 2 7 0 5 2 9 0 8 0 0 6 0 0 0 0 4 0 0 0 0 8 1 6 0 5 3 7 0 0 0 0 1 0 0 0 0 6 0 0 3 0 6 8 9 0 7 8 0 0 0 1 7 0 5 0 0 0 0 0 0 2 0 8 0	0.660689990282
0 0 5 0 6 4 0 0 0 0 0 1 0 2 0 0 0 7 0 6 0 1 0 0 0 5 4 8 5 7 4 3 0 0 0 0 9 0 0 0 0 0 0 0 6 0 0 0 0 9 2 5 3 8 5 2 0 0 0 3 0 8 0 3 0 0 0 4 0 2 0 0 0 0 0 2 5 0 3 0 0	0.655434078393
1 9 0 0 0 6 0 0 0 2 0 0 0 0 0 9 0 0 0 7 6 0 0 0 0 0 4 0 1 0 5 7 8 6 9 0 7 0 0 9 0 1 0 0 5 0 6 9 3 4 2 0 7 0 6 0 0 0 0 0 5 3 0 0 0 5 0 0 0 0 0 9 0 0 0 7 0 0 0 6 8	0.65306122449
5 7 0 0 1 0 0 4 0 0 1 3 0 8 0 0 0 0 2 8 0 3 0 0 9 0 1 8 0 0 0 0 0 0 0 0 0 0 0 7 2 9 0 0 0 0 0 0 0 0 0 0 0 5 4 0 1 0 0 7 0 3 2 0 0 0 0 3 0 6 8 0 0 2 0 0 5 0 0 1 9	0.614743589744
0 0 0 7 2 5 3 1 0 4 2 0 0 8 1 0 0 7 0 0 0 9 0 4 0 0 8 0 6 0 0 5 0 0 0 1 0 9 7 0 0 0 5 2 0 5 0 0 0 7 0 0 9 0 6 0 0 5 0 7 0 0 0 2 0 0 8 1 0 0 4 5 0 5 8 4 6 2 0 0 0	0.622222222222
6 0 9 0 1 0 0 0 0 0 4 0 0 0 5 0 0 0 7 1 5 9 0 0 6 4 0 9 0 0 7 6 0 4 0 0 0 8 6 5 0 4 9 7 0 0 0 4 0 9 8 0 0 6 0 6 3 0 0 9 7 1 4 0 0 0 8 0 0 0 5 0 0 0 0 0 4 0 8 0 9	0.613703703704
0 8 9 0 0 0 0 0 0 2 0 0 0 7 6 0 0 0 0 0 5 0 0 9 2 0 3 0 1 0 9 0 0 4 0 0 0 5 7 0 4 0 9 2 0 0 0 4 0 0 8 0 5 0 4 0 6 8 0 0 5 0 0 0 0 0 7 2 0 0 0 6 0 0 0 0 0 0 7 9 0	0.660416666667
6 5 0 7 0 2 0 9 0 0 0 0 4 1 0 2 0 0 7 0 2 5 0 0 0 0 0 0 0 0 0 0 0 5 6 2 4 0 0 1 0 5 0 0 8 5 2 3 0 0 0 0 0 0 0 0 0 0 0 4 3 0 1 0 0 4 0 7 8 0 0 0 0 7 0 2 0 1 0 4 9	0.604761904762
2 0 0 0 0 0 6 4 0 0 0 0 7 0 8 5 0 0 0 0 0 4 2 0 0 7 0 0 0 7 1 5 2 4 0 9 0 2 0 0 0 0 0 8 0 6 0 1 9 8 4 2 0 0 0 8 0 0 4 3 0 0 0 0 0 2 8 0 5 0 0 0 0 1 6 0 0 0 0 0 4	0.672108843537
0 0 0 0 0 9 3 0 1 2 0 0 0 1 0 0 0 9 8 0 1 5 3 0 0 7 0 0 0 0 1 0 0 0 4 0 6 0 5 0 0 0 8 0 3 0 4 0 0 0 8 0 0 0 0 2 0 0 8 5 9 0 7 5 0 0 0 2 0 0 0 6 3 0 6 9 0 0 0 0 0	0.648926237162
0 9 0 2 0 0 7 0 0 7 0 1 0 0 9 0 2 5 0 0 8 5 0 0 0 0 0 1 0 9 0 0 0 4 6 0 0 5 7 0 0 0 3 1 0 0 6 4 0 0 0 9 0 7 0 0 0 0 0 8 5 0 0 9 7 0 6 0 0 1 0 4 0 0 3 0 0 4 0 9 0	0.667047295109
0 6 4 2 0 0 0 0 0 5 0 1 0 0 0 8 0 4 3 0 0 0 4 9 0 2 0 0 4 0 0 9 0 0 0 0 1 3 5 0 0 0 2 6 9 0 0 0 0 2 0 0 7 0 0 7 0 3 1 0 0 0 2 4 0 6 0 0 0 9 0 3 0 0 0 0 0 4 7 8 0	0.653741496599
0 0 0 8 0 3 9 1 0 0 1 0 9 0 0 0 3 5 0 3 0 0 5 0 0 8 0 3 0 1 0 2 0 4 9 0 0 8 0 0 0 0 0 6 0 0 9 7 0 4 0 8 0 3 0 5 0 0 1 0 0 4 0 1 2 0 0 0 5 0 7 0 0 4 6 2 0 9 0 0 0	0.637234042553
2 0 7 6 8 0 0 0 9 0 0 1 0 0 4 0 0 0 0 8 6 0 0 0 2 0 0 1 0 8 0 5 2 0 3 0 3 0 0 0 1 0 0 0 5 0 4 0 7 3 0 1 0 2 0 0 4 0 0 0 7 2 0 0 0 0 5 0 0 8 0 0 7 0 0 0 4 3 5 0 6	0.745486111111
8 4 0 1 0 7 0 0 2 0 0 6 0 0 0 1 0 0 0 1 7 0 2 0 0 4 3 0 0 8 0 0 2 0 0 6 0 0 0 5 0 1 0 0 0 6 0 0 9 0 0 2 0 0 2 3 0 0 5 0 6 8 0 0 0 5 0 0 0 7 0 0 7 0 0 3 0 8 0 2 5	0.636642665724
6 1 0 0 0 4 0 0 8 4 9 0 0 0 0 5 0 0 0 0 8 0 1 0 0 4 0 0 5 0 0 2 0 8 0 0 0 6 0 0 7 0 0 2 0 0 0 9 0 6 0 0 5 0 0 3 0 0 8 0 1 0 0 0 0 7 0 0 0 0 6 3 1 0 0 9 0 0 0 8 5	0.631295787546
0 2 3 6 0 5 9 0 0 0 7 0 8 4 0 0 3 0 8 0 0 0 0 0 7 5 0 0 0 0 0 5 8 0 0 1 0 0 0 0 0 0 0 0 0 4 0 0 3 6 0 0 0 0 0 5 4 0 0 0 0 0 7 0 8 0 0 3 1 0 4 0 0 0 7 5 0 4 6 2 0	0.633613445378
0 0 0 1 3 2 0 9 0 0 1 0 0 7 0 2 0 3 0 0 0 5 0 0 1 4 0 0 7 0 0 0 0 9 2 4 1 0 0 0 0 0 0 0 6 9 4 6 0 0 0 0 3 0 0 8 1 0 0 3 0 0 0 2 0 4 0 6 0 0 1 0 0 6 0 7 4 1 0 0 0	0.605620343375
0 0 7 1 6 2 4 9 0 0 0 0 0 8 0 0 7 5 0 0 0 0 4 0 2 0 0 2 6 0 0 5 3 0 0 9 0 9 0 0 0 0 0 2 0 7 0 0 2 9 0 0 1 6 0 0 8 0 3 0 0 0 0 1 7 0 0 2 0 0 0 0 0 4 9 5 1 7 8 0 0	0.656028368794
0 0 0 0 0 5 0 0 0 0 3 0 7 0 4 5 0 1 0 5 0 0 1 0 7 0 3 1 8 0 2 0 0 0 5 0 7 4 0 0 9 0 0 3 2 0 9 0 0 0 8 0 7 4 9 0 4 0 7 0 0 1 0 5 0 1 4 0 3 0 6 0 0 0 0 9 0 0 0 0 0	0.624801587302
0 0 0 7 0 5 8 0 0 6 0 1 2 0 0 0 0 0 0 2 0 4 0 0 0 0 9 0 0 2 0 0 0 0 0 6 9 4 6 0 0 0 2 7 5 1 0 0 0 0 0 3 0 0 7 0 0 0 0 4 0 5 0 0 0 0 0 0 9 7 0 1 0 0 9 5 0 8 0 0 0	0.647888589398
0 0 0 3 0 8 0 5 4 8 5 0 6 9 0 0 0 0 2 0 0 0 4 0 0 8 0 6 0 0 0 0 0 7 0 1 7 2 0 0 0 0 0 4 5 3 0 5 0 0 0 0 0 2 0 7 0 0 5 0 0 0 3 0 0 0 0 8 6 0 2 9 4 6 0 9 0 3 0 0 0	0.602380952381
0 0 8 0 0 5 0 3 4 6 7 0 0 0 3 0 9 0 1 0 0 0 0 0 0 0 0 0 5 0 0 7 0 3 0 0 0 0 3 9 0 1 5 0 0 0 0 1 0 5 0 0 4 0 0 0 0 0 0 0 0 0 3 0 9 0 8 0 0 0 1 7 3 4 0 2 0 0 6 0 0	0.649109014675
0 2 0 0 0 0 0 0 8 4 0 0 0 0 2 0 1 0 8 5 0 7 0 0 9 0 0 0 6 0 0 9 4 3 7 5 0 4 0 0 0 0 0 8 0 7 8 5 1 2 0 0 6 0 0 0 4 0 0 6 0 9 3 0 3 0 5 0 0 0 0 1 6 0 0 0 0 0 0 5 0	0.662244897959
0 6 0 7 0 0 0 0 2 0 0 0 5 4 0 6 8 1 0 0 0 3 0 0 0 9 0 8 0 0 0 0 5 0 0 3 0 9 7 0 0 0 2 4 0 3 0 0 4 0 0 0 0 6 0 8 0 0 0 4 0 0 0 5 4 2 0 3 1 0 0 0 1 0 0 0 0 6 0 2 0	0.605555555556
4 0 7 2 0 0 0 0 0 0 0 0 6 3 0 1 0 0 0 2 6 7 0 0 0 4 5 0 0 0 0 9 0 2 7 0 0 7 0 4 0 3 0 6 0 0 6 9 0 7 0 0 0 0 7 5 0 0 0 2 4 8 0 0 0 8 0 4 7 0 0 0 0 0 0 0 0 8 7 0 6	0.734693877551
0 8 7 6 0 0 0 0 5 0 0 4 8 9 0 0 0 0 2 0 0 0 0 0 9 0 8 5 0 0 3 2 0 0 9 1 0 0 1 0 0 0 8 0 0 7 9 0 0 8 1 0 0 6 1 0 5 0 0 0 0 0 9 0 0 0 0 1 8 2 0 0 8 0 0 0 0 9 1 6 0	0.695578231293
1 0 0 0 0 0 0 2 0 0 0 0 0 2 8 0 0 6 0 0 2 0 0 9 4 5 3 0 4 0 0 3 5 6 0 2 0 0 8 0 0 0 7 0 0 6 0 1 7 9 0 0 8 0 2 1 3 9 0 0 5 0 0 9 0 0 6 5 0 0 0 0 0 7 0 0 0 0 0 0 9	0.636394557823
0 8 0 0 0 0 0 6 0 5 0 9 0 0 4 3 0 2 4 6 0 0 0 2 7 0 0 9 0 0 7 0 0 0 4 6 0 0 6 0 0 0 2 0 0 7 2 0 0 0 1 0 0 9 0 0 5 9 0 0 0 2 8 2 0 8 4 0 0 6 0 3 0 3 0 0 0 0 0 5 0	0.613216715258
0 8 0 1 0 0 0 7 0 0 3 0 0 4 9 1 6 0 9 0 0 7 0 0 0 3 0 2 0 0 9 0 1 3 0 0 0 9 0 0 0 0 0 1 0 0 0 7 6 0 2 0 0 9 0 7 0 0 0 5 0 0 3 0 2 9 8 1 0 0 5 0 0 4 0 0 0 6 0 9 0	0.745578231293
0 0 0 0 2 3 4 0 8 0 0 0 0 7 4 6 9 0 0 0 0 8 9 0 0 0 7 0 0 9 3 0 0 7 4 0 0 7 0 0 4 0 0 3 0 0 8 3 0 0 7 2 0 0 5 0 0 0 1 9 0 0 0 0 9 2 4 3 0 0 0 0 3 0 6 7 5 0 0 0 0	0.618005952381
0 0 0 7 0 0 3 0 0 1 0 0 6 0 9 0 5 0 0 5 2 4 0 0 0 0 9 0 0 0 0 9 6 1 0 5 0 6 0 0 7 0 0 8 0 8 0 5 3 4 0 0 0 0 2 0 0 0 0 7 6 4 0 0 8 0 1 0 4 0 0 3 0 0 3 0 0 8 0 0 0	0.672261904762
0 6 2 7 0 0 0 0 0 0 9 0 0 1 0 0 0 0 8 0 5 4 0 0 6 0 2 0 8 0 0 6 0 0 0 9 4 0 0 1 0 2 0 0 6 2 0 0 0 4 0 0 3 0 9 0 8 0 0 4 3 0 5 0 0 0 0 8 0 0 9 0 0 0 0 0 0 1 8 6 0	0.67790227202
0 2 0 0 0 0 0 0 1 0 4 6 1 0 3 0 2 8 0 0 0 8 0 5 3 0 0 0 0 4 3 0 0 8 5 0 2 0 0 0 0 0 0 0 3 0 8 5 0 0 9 2 0 0 0 0 9 4 0 6 0 0 0 4 6 0 2 0 1 9 3 0 1 0 0 0 0 0 0 4 0	0.637390670554
6 0 0 0 8 0 0 1 0 1 0 0 0 0 4 3 0 0 0 3 5 2 1 0 0 0 0 0 5 0 3 2 0 4 6 7 0 1 7 0 0 0 8 3 0 3 6 2 0 4 7 0 9 0 0 0 0 0 9 2 6 7 0 0 0 6 4 0 0 0 0 9 0 9 0 0 7 0 0 0 3	0.622592592593
0 0 3 0 0 2 0 9 0 5 0 0 0 6 0 0 0 0 8 2 1 9 0 4 7 0 0 0 5 4 0 1 0 0 8 9 0 0 0 0 0 0 0 0 0 1 6 0 0 5 0 4 3 0 0 0 6 7 0 3 8 1 5 0 0 0 0 9 0 0 0 3 0 1 0 4 0 0 9 0 0	0.600340136054
0 0 6 5 0 0 3 8 9 0 8 0 0 0 0 0 0 1 0 0 0 0 8 7 0 6 5 8 0 0 0 3 0 5 9 0 0 0 0 7 0 8 0 0 0 0 3 2 0 6 0 0 0 8 7 6 0 1 9 0 0 0 0 2 0 0 0 0 0 0 3 0 9 5 4 0 0 3 6 0 0	0.687414965986
0 0 0 3 0 0 2 1 0 0 7 8 0 2 0 0 9 0 0 2 0 0 0 9 3 0 7 0 0 7 0 1 2 0 0 0 0 3 5 0 6 0 1 4 0 0 0 0 4 3 0 7 0 0 8 0 2 7 0 0 0 6 0 0 6 0 0 8 0 9 7 0 0 5 4 0 0 6 0 0 0	0.725
0 8 0 0 7 9 1 0 2 2 7 0 1 0 8 0 0 9 0 0 0 3 0 0 0 7 0 0 1 0 0 0 0 7 0 0 5 0 0 0 0 0 0 0 4 0 0 4 0 0 0 0 6 0 0 4 0 0 0 5 0 0 0 9 0 0 7 0 4 0 5 6 8 0 5 6 9 0 0 2 0	0.629162776222
9 1 4 0 6 0 2 0 0 0 3 0 2 0 0 0 6 9 2 0 6 0 0 7 0 0 0 6 4 0 5 0 0 0 2 0 0 0 0 0 4 0 0 0 0 0 8 0 0 0 2 0 5 6 0 0 0 6 0 0 3 0 5 1 6 0 0 0 3 0 4 0 0 0 3 0 7 0 6 1 2	0.646759259259
2 0 0 1 8 0 0 0 5 8 4 0 0 0 0 9 0 0 0 0 7 2 0 9 0 0 1 0 0 5 0 0 0 0 3 4 0 0 8 4 0 5 7 0 0 1 2 0 0 0 0 6 0 0 4 0 0 7 0 3 1 0 0 0 0 6 0 0 0 0 9 3 5 0 0 0 6 1 0 0 7	0.604146420473
0 0 7 0 3 0 0 0 0 0 0 4 2 0 0 9 0 0 5 0 0 0 8 4 7 0 0 4 8 0 7 6 0 0 9 0 0 5 0 0 0 0 0 8 0 0 3 0 0 1 8 0 7 5 0 0 5 6 4 0 0 0 7 0 0 8 0 0 9 6 0 0 0 0 0 0 7 0 5 0 0	0.602567693744
0 8 5 6 0 3 0 0 4 0 0 2 0 0 1 0 0 0 0 0 3 5 0 0 1 6 0 0 4 0 0 5 0 3 8 0 0 0 9 3 2 8 4 0 0 0 5 8 0 1 0 0 7 0 0 3 7 0 0 5 9 0 0 0 0 0 2 0 0 8 0 0 5 0 0 8 0 9 6 3 0	0.644927536232
5 0 0 0 3 0 6 0 0 0 0 0 5 2 0 0 1 0 0 2 0 4 7 0 0 0 3 9 3 0 7 0 0 0 6 0 0 6 8 0 0 0 3 4 0 0 5 0 0 0 4 0 2 9 6 0 0 0 5 8 0 3 0 0 1 0 0 4 7 0 0 0 0 0 5 0 9 0 0 0 6	0.738095238095
0 0 5 0 0 8 0 0 0 0 1 0 0 0 0 5 9 6 9 0 0 7 0 0 8 0 0 0 0 0 0 4 0 2 0 0 8 9 0 1 0 2 0 5 4 0 0 2 0 8 0 0 0 0 0 0 9 0 0 6 0 0 7 5 3 6 0 0 0 0 1 0 0 0 0 8 0 0 4 0 0	0.639061096137
0 0 0 2 7 0 0 3 0 0 5 0 0 0 8 0 0 0 9 0 6 0 0 4 1 0 8 6 3 0 0 0 0 5 0 0 4 0 0 7 0 3 0 0 6 0 0 5 0 0 0 0 4 7 7 0 9 3 0 0 8 0 4 0 0 0 1 0 0 0 6 0 0 6 0 0 4 5 0 0 0	0.728758169935
0 0 5 8 0 0 6 7 0 3 0 0 0 7 0 2 0 0 0 7 0 0 0 2 0 8 4 0 6 0 7 0 9 0 0 8 0 5 3 0 0 0 9 6 0 8 0 0 2 0 5 0 3 0 6 4 0 3 0 0 0 9 0 0 0 8 0 5 0 0 0 6 0 9 7 0 0 6 8 0 0	0.641843971631
0 5 0 0 0 3 0 0 0 6 4 0 0 0 0 0 0 0 0 0 2 6 0 0 7 5 0 0 7 6 9 0 4 0 1 8 0 2 4 0 0 0 5 7 0 1 8 0 7 0 5 9 4 0 0 3 9 0 0 6 1 0 0 0 0 0 0 0 0 0 2 9 0 0 0 4 0 0 0 3 0	0.634062196307
0 0 0 0 0 0 2 0 0 2 3 0 0 0 8 0 9 7 0 7 6 1 0 2 0 4 5 3 0 0 7 0 0 0 5 0 0 0 7 0 8 0 3 0 0 0 1 0 0 0 6 0 0 4 7 2 0 8 0 4 5 6 0 8 6 0 2 0 0 0 7 3 0 0 5 0 0 0 0 0 0	0.744890873016
0 0 0 2 0 9 0 0 8 1 0 0 0 0 8 5 9 0 0 9 6 0 7 0 0 0 2 0 4 0 5 0 0 0 8 9 0 0 8 0 0 0 7 0 0 9 5 0 0 0 3 0 2 0 5 0 0 0 3 0 8 7 0 0 8 9 1 0 0 0 0 5 7 0 0 8 0 2 0 0 0	0.697278911565
0 7 0 8 1 0 5 0 0 0 0 0 2 0 0 7 3 0 0 2 3 9 5 0 0 6 0 0 4 0 6 8 0 0 9 5 0 0 0 0 0 0 0 0 0 6 9 0 0 7 1 0 4 0 0 5 0 0 2 9 6 1 0 0 3 4 0 0 8 0 0 0 0 0 2 0 3 5 0 8 0	0.633333333333
0 6 9 2 0 0 0 0 0 0 0 0 0 0 9 2 0 0 2 1 0 4 0 5 6 0 3 0 0 0 0 0 2 0 3 8 7 0 2 0 0 0 9 0 6 5 8 0 6 0 0 0 0 0 6 0 3 5 0 8 0 2 9 0 0 5 9 0 0 0 0 0 0 0 0 0 0 7 5 6 0	0.710884353741
2 7 0 3 0 5 0 0 0 0 0 9 0 0 0 1 0 0 3 8 0 1 7 6 9 0 0 8 1 0 0 2 0 0 0 0 0 0 0 6 0 1 0 0 0 0 0 0 0 5 0 0 1 4 0 0 8 7 1 3 0 9 2 0 0 3 0 0 0 6 0 0 0 0 0 5 0 4 0 8 1	0.631171039845
0 9 2 0 0 3 0 0 4 6 0 0 9 1 0 7 0 0 0 0 3 2 0 0 0 1 0 0 0 4 1 0 0 0 0 9 0 5 0 0 0 0 0 3 0 9 0 0 0 0 7 4 0 0 0 2 0 0 0 1 6 0 0 0 0 8 0 7 2 0 0 1 7 0 0 3 0 0 2 5 0	0.71568627451
3 1 0 9 0 0 0 0 0 8 0 0 0 0 4 0 0 5 9 4 0 3 0 8 6 0 0 0 0 4 0 0 0 2 0 0 5 9 0 0 0 0 0 3 6 0 0 1 0 0 0 5 0 0 0 0 9 8 0 3 0 2 7 7 0 0 2 0 0 0 0 3 0 0 0 0 0 9 0 5 4	0.610636476813
4 0 0 0 0 2 6 0 0 0 6 0 0 0 5 0 0 9 9 1 2 0 3 0 0 7 0 0 0 4 0 0 0 0 0 2 7 2 0 0 0 0 0 8 1 6 0 0 0 0 0 3 0 0 0 7 0 0 8 0 1 3 6 5 0 0 2 0 0 0 4 0 0 0 8 7 0 0 0 0 5	0.696078431373
0 0 0 0 6 0 0 0 4 0 9 0 0 0 0 6 2 8 0 8 0 4 0 0 5 0 7 0 0 4 0 0 5 3 0 0 0 0 0 6 9 4 0 0 0 0 0 6 2 0 0 8 0 0 3 0 1 0 0 7 0 9 0 2 4 8 0 0 0 0 5 0 7 0 0 0 4 0 0 0 0	0.610500610501
0 0 0 0 0 0 0 2 8 2 0 0 8 1 3 9 0 0 0 0 6 0 2 0 5 0 3 0 3 7 1 0 0 2 0 0 6 0 1 0 0 0 7 0 5 0 0 2 0 0 7 3 1 0 1 0 9 0 4 0 6 0 0 0 0 8 3 6 1 0 0 2 4 6 0 0 0 0 0 0 0	0.645744680851
0 0 6 0 3 9 4 0 0 0 9 4 0 0 1 8 3 0 3 0 0 0 0 0 0 0 5 0 0 1 0 4 0 0 0 8 9 5 0 3 0 8 0 4 6 4 0 0 0 5 0 9 0 0 7 0 0 0 0 0 0 0 4 0 4 5 7 0 0 2 6 0 0 0 3 4 9 0 5 0 0	0.603394123607
0 0 7 6 1 5 0 0 0 1 0 9 7 0 8 0 0 6 0 0 0 3 0 0 0 7 1 0 4 0 1 8 0 6 0 0 0 9 0 0 0 0 0 5 0 0 0 2 0 5 6 0 1 0 9 1 0 0 0 2 0 0 0 2 0 0 5 0 9 1 0 8 0 0 0 8 3 1 9 0 0	0.734042553191
8 0 0 9 1 0 0 0 0 3 0 7 6 0 0 9 0 1 0 9 0 0 0 0 0 0 0 5 0 0 0 3 0 7 0 9 0 3 4 0 8 0 2 6 0 9 0 2 0 7 0 0 0 4 0 0 0 0 0 0 0 5 0 1 0 3 0 0 2 4 0 7 0 0 0 0 9 1 0 0 3	0.716333333333
0 0 2 6 7 0 1 0 0 9 0 0 0 0 1 5 0 0 0 8 0 4 0 0 0 0 7 8 0 3 1 2 0 4 0 6 0 6 0 0 0 0 0 7 0 7 0 4 0 9 6 3 0 1 4 0 0 0 0 8 0 3 0 0 0 8 3 0 0 0 0 4 0 0 7 0 4 2 8 0 0	0.717021276596
0 2 0 0 0 4 9 1 0 4 0 5 1 2 0 0 0 7 0 0 0 9 0 3 0 0 5 0 0 1 0 0 0 5 0 0 0 6 0 8 0 5 0 9 0 0 0 9 0 0 0 7 0 0 5 0 0 6 0 8 0 0 0 6 0 0 0 9 7 1 0 8 0 8 2 3 0 0 0 7 0	0.665646258503
5 0 0 8 0 4 6 0 9 0 0 1 0 0 0 5 8 0 6 9 0 0 0 7 0 0 0 8 0 4 0 7 3 0 5 0 0 0 5 0 0 0 9 0 0 0 6 0 5 4 0 8 0 3 0 0 0 7 0 0 0 2 8 0 8 7 0 0 0 3 0 0 1 0 6 3 0 8 0 0 4	0.63829787234
1 5 0 0 0 0 0 6 3 2 3 6 0 0 4 9 8 1 0 0 0 0 1 3 0 0 0 8 7 0 0 0 5 0 9 0 0 0 0 0 0 0 0 0 0 0 1 0 2 0 0 0 3 8 0 0 0 4 2 0 0 0 0 6 4 3 5 0 0 8 2 9 9 2 0 0 0 0 0 5 4	0.716312056738
0 0 0 0 0 4 0 1 0 4 1 0 0 2 5 0 0 0 2 0 0 9 0 0 6 0 0 0 9 3 0 0 6 7 0 0 0 8 0 4 0 3 0 2 0 0 0 4 1 0 0 8 3 0 0 0 6 0 0 9 0 0 7 0 0 0 8 6 0 0 9 5 0 5 0 7 0 0 0 0 0	0.616713352007
3 0 0 8 6 0 0 7 0 6 0 7 0 2 3 0 0 4 0 2 0 0 0 0 3 0 0 0 6 0 0 0 1 7 0 0 0 9 0 3 7 2 0 4 0 0 0 5 6 0 0 0 2 0 0 0 9 0 0 0 0 5 0 8 0 0 4 1 0 9 0 2 0 1 0 0 9 6 0 0 7	0.603472222222
0 0 3 0 0 0 0 0 7 0 0 0 0 8 0 2 9 0 2 6 0 0 7 0 3 0 0 0 5 2 6 9 0 0 0 3 0 0 0 0 0 0 0 0 0 4 0 0 0 1 3 5 7 0 0 0 8 0 6 0 0 5 1 0 7 6 0 5 0 0 0 0 9 0 0 0 0 0 6 0 0	0.677657981432
9 0 0 1 0 0 0 0 2 0 0 0 2 0 5 8 0 0 0 0 0 0 8 3 4 0 0 0 5 0 9 6 7 0 0 0 0 7 2 4 3 1 9 5 0 0 0 0 5 2 8 0 1 0 0 0 8 3 1 0 0 0 0 0 0 5 8 0 4 0 0 0 1 0 0 0 0 2 0 0 8	0.619097222222
0 0 0 7 0 0 4 1 0 0 0 3 0 2 0 0 0 6 1 0 7 4 0 0 5 2 3 4 0 1 6 0 0 0 8 0 0 2 9 0 7 0 6 3 0 0 7 0 0 0 4 2 0 1 7 5 2 0 0 6 3 0 9 3 0 0 0 4 0 1 0 0 0 1 4 0 0 3 0 0 0	0.659090909091
6 0 0 3 0 0 1 0 0 0 7 1 6 2 0 0 0 0 8 0 5 0 0 1 0 0 0 5 0 0 8 7 0 9 0 1 0 0 9 0 0 0 6 0 0 4 0 7 0 6 9 0 0 8 0 0 0 2 0 0 8 0 7 0 0 0 0 8 6 4 1 0 0 0 8 0 0 3 0 0 2	0.626336248785
9 0 6 0 1 3 0 0 8 0 5 8 0 0 0 0 9 0 0 3 0 0 0 0 0 1 0 0 6 0 8 0 0 9 2 0 0 0 3 4 0 9 1 0 0 0 4 9 0 0 6 0 3 0 0 9 0 0 0 0 0 8 0 0 1 0 0 0 0 6 7 0 4 0 0 9 6 0 3 0 1	0.605442176871
3 0 0 0 6 0 2 5 0 0 0 0 5 0 0 1 0 3 0 0 5 2 1 0 4 8 6 0 0 0 3 8 0 5 0 0 0 3 0 0 0 0 0 4 0 0 0 2 0 4 5 0 0 0 4 1 3 0 5 2 7 0 0 8 0 7 0 0 4 0 0 0 0 5 6 0 7 0 0 0 4	0.732978723404
0 6 0 0 0 1 9 0 7 1 0 0 0 0 7 2 3 0 0 8 0 0 0 0 4 0 6 0 1 8 0 0 2 0 0 4 0 7 0 0 4 0 0 9 0 9 0 0 1 0 0 7 8 0 6 0 7 0 0 0 0 4 0 0 5 1 6 0 0 0 0 9 8 0 9 3 0 0 0 2 0	0.621527777778
6 0 0 3 0 0 2 0 8 4 0 0 1 8 5 0 0 0 0 0 0 0 0 0 4 5 0 0 0 0 0 7 0 8 3 5 0 3 0 5 0 8 0 2 0 9 5 8 0 1 0 0 0 0 0 6 9 0 0 0 0 0 0 0 0 0 6 3 1 0 0 2 3 0 4 0 0 9 0 0 6	0.668999028183
4 0 0 0 3 0 0 9 0 2 0 0 0 0 1 6 0 0 7 6 0 8 0 0 0 0 1 5 0 0 3 1 8 0 0 0 0 3 2 0 0 0 5 1 0 0 0 0 5 9 2 0 0 8 9 0 0 0 0 3 0 4 5 0 0 1 7 0 0 0 0 6 0 4 0 0 2 0 0 0 3	0.62789925494
0 0 4 0 9 0 1 7 0 9 0 0 0 7 0 0 0 2 0 0 7 2 0 4 0 0 0 0 4 3 0 0 0 0 5 0 7 9 8 4 0 6 2 1 3 0 6 0 0 0 0 8 9 0 0 0 0 7 0 9 4 0 0 6 0 0 0 4 0 0 0 1 0 8 5 0 3 0 7 0 0	0.65780141844
6 8 0 0 0 1 0 0 3 0 0 7 0 0 4 0 0 0 0 0 0 8 2 0 0 0 0 8 7 0 0 0 9 2 0 4 0 4 0 3 0 2 0 8 0 2 0 3 4 0 0 0 9 6 0 0 0 0 3 6 0 0 0 0 0 0 5 0 0 4 0 0 7 0 0 2 0 0 0 6 5	0.627987861811
0 0 0 0 0 2 0 0 0 1 0 3 4 0 0 0 0 5 2 0 0 0 5 0 4 0 1 3 4 0 0 0 5 0 9 0 8 0 7 0 0 0 3 0 4 0 9 0 3 0 0 0 1 7 6 0 5 0 3 0 0 0 9 4 0 0 0 0 8 7 0 2 0 0 0 1 0 0 0 0 0	0.746405228758
0 5 0 7 0 2 0 0 3 0 7 3 4 8 0 0 0 5 0 0 0 0 5 0 4 0 0 0 4 0 0 0 0 2 0 0 0 2 7 0 9 0 3 5 0 0 0 6 0 0 0 0 1 0 0 0 5 0 3 0 0 0 0 4 0 0 0 6 8 7 3 0 7 0 0 1 0 9 0 6 0	0.61353968254
5 0 0 0 8 0 0 2 0 0 0 7 5 0 2 8 0 1 0 0 2 9 0 0 0 4 0 0 2 4 0 0 0 3 0 8 0 0 0 3 2 4 0 0 0 3 0 6 0 0 0 4 7 0 0 9 0 0 0 6 7 0 0 7 0 3 2 0 8 9 0 0 0 6 0 0 9 0 0 0 5	0.640128968254
1 0 8 0 9 0 0 0 0 2 0 0 3 0 8 0 9 6 0 9 0 0 0 0 4 0 0 4 0 6 0 0 9 0 3 0 0 1 0 2 0 5 0 6 0 0 8 0 6 0 0 2 0 1 0 0 1 0 0 0 0 4 0 3 6 0 9 0 4 0 0 7 0 0 0 0 6 0 3 0 5	0.664285714286
0 1 0 0 0 8 5 7 0 6 0 7 0 5 0 0 0 9 0 5 2 1 7 0 0 0 0 0 0 1 0 0 3 7 0 6 0 7 0 0 0 0 0 4 0 8 0 3 7 0 0 9 0 0 0 0 0 0 1 7 2 6 0 1 0 0 0 2 0 4 0 7 0 2 4 3 0 0 0 9 0	0.630597771023
0 2 0 4 3 9 8 0 0 0 8 0 0 0 0 0 0 1 0 0 3 0 0 1 5 2 0 0 5 0 0 9 2 7 0 3 0 0 0 0 0 0 0 0 0 3 0 9 7 4 0 0 8 0 0 7 1 3 0 0 9 0 0 6 0 0 0 0 0 0 3 0 0 0 8 9 2 4 0 1 0	0.732993197279
0 0 0 5 0 0 2 0 1 8 0 0 0 0 6 0 0 5 0 0 5 2 0 7 0 8 0 0 1 7 9 6 0 8 0 4 0 0 0 0 0 0 0 0 0 9 0 8 0 7 4 6 1 0 0 8 0 4 0 5 3 0 0 7 0 0 6 0 0 0 0 9 5 0 4 0 0 9 0 0 0	0.736394557823
9 2 0 0 0 0 0 0 0 5 0 0 8 7 0 0 0 0 0 3 8 0 9 1 0 0 0 0 5 2 9 3 0 1 6 0 0 9 0 0 0 0 0 3 0 0 7 3 0 6 4 9 8 0 0 0 0 4 1 0 2 5 0 0 0 0 0 5 3 0 0 1 0 0 0 0 0 0 0 7 3	0.665484288954
5 9 0 0 0 6 0 1 0 0 0 1 2 5 4 7 0 9 0 0 0 0 0 1 4 0 0 0 0 3 7 1 5 0 0 8 1 0 0 0 0 0 0 0 4 2 0 0 6 4 8 1 0 0 0 0 2 5 0 0 0 0 0 7 0 8 4 6 3 9 0 0 0 5 0 1 0 0 0 4 7	0.603051146384
3 0 9 8 7 0 0 0 4 0 0 0 0 0 5 0 0 8 8 7 0 4 0 0 0 0 0 1 0 4 5 8 0 0 0 3 0 0 0 7 0 6 0 0 0 7 0 0 0 3 4 1 0 5 0 0 0 0 0 9 0 8 1 9 0 0 3 0 0 0 0 0 4 0 0 0 5 7 2 0 6	0.654761904762
8 0 0 2 0 0 0 0 0 9 1 0 3 0 0 7 0 6 0 0 0 0 0 7 0 0 2 0 8 4 0 0 0 0 0 9 0 9 5 1 0 4 8 6 0 1 0 0 0 0 0 2 3 0 5 0 0 6 0 0 0 0 0 6 0 9 0 0 3 0 7 1 0 0 0 0 0 5 0 0 8	0.610410830999
0 0 5 0 3 7 0 0 1 0 0 0 0 5 0 6 2 7 6 0 0 0 0 2 5 3 0 0 2 0 0 7 0 0 0 0 0 0 1 9 6 8 2 0 0 0 0 0 0 1 0 0 9 0 0 1 3 7 0 0 0 0 8 4 8 6 0 9 0 0 0 0 7 0 0 8 4 0 1 0 0	0.645833333333
0 9 0 3 5 0 7 0 0 0 0 0 8 0 0 0 2 9 0 0 0 4 0 2 0 0 8 7 1 0 0 0 0 0 0 0 4 6 3 5 0 8 2 9 7 0 0 0 0 0 0 0 5 1 3 0 0 2 0 4 0 0 0 9 4 0 0 0 5 0 0 0 0 0 8 0 3 7 0 4 0	0.613537709456
0 0 0 0 0 5 9 0 4 0 8 0 0 9 0 6 0 5 0 0 6 0 0 0 0 3 0 0 3 0 7 0 1 4 5 0 0 0 8 0 4 0 7 0 0 0 7 4 2 0 6 0 9 0 0 6 0 0 0 0 3 0 0 8 0 1 0 6 0 0 7 0 3 0 9 8 0 0 0 0 0	0.600142857143
0 3 0 0 0 4 0 8 7 9 4 8 7 0 0 5 0 0 0 6 0 8 0 0 0 0 9 0 1 0 5 8 6 7 2 0 0 0 0 0 0 0 0 0 0 0 8 7 3 1 2 0 5 0 8 0 0 0 0 3 0 7 0 0 0 3 0 0 7 8 6 5 5 7 0 2 0 0 0 9 0	0.666666666667
3 0 0 6 8 7 0 1 5 0 0 0 0 3 0 0 8 2 0 5 0 0 0 0 3 0 0 4 0 0 3 0 0 0 0 0 6 0 1 0 5 0 7 0 9 0 0 0 0 0 4 0 0 3 0 0 8 0 0 0 0 2 0 2 1 0 0 4 0 0 0 0 9 7 0 5 2 1 0 0 4	0.749333333333
7 0 2 0 0 0 0 0 4 0 3 0 7 0 2 0 1 0 4 0 0 0 9 3 0 0 8 0 0 0 8 2 7 0 9 0 0 0 7 0 3 0 8 0 0 0 8 0 9 5 6 0 0 0 3 0 0 5 7 0 0 0 9 0 2 0 3 0 9 0 8 0 6 0 0 0 0 0 5 0 3	0.616319444444
3 0 0 0 4 0 0 5 7 4 0 0 8 5 3 0 6 0 0 2 5 7 0 0 0 0 0 0 0 0 0 0 0 4 3 0 8 0 0 4 0 6 0 0 1 0 3 4 0 0 0 0 0 0 0 0 0 0 0 5 6 9 0 0 9 0 6 2 4 0 0 3 1 6 0 0 8 0 0 0 2	0.674489795918
0 0 0 2 6 0 0 5 0 0 0 0 0 0 5 9 0 0 0 0 0 3 8 0 0 4 6 0 2 0 0 9 4 0 1 8 0 0 4 0 0 0 5 0 0 9 5 0 8 1 0 0 7 0 3 8 0 0 2 1 0 0 0 0 0 5 7 0 0 0 0 0 0 4 0 0 5 8 0 0 0	0.65231092437
0 6 2 0 8 0 5 0 4 0 0 8 0 5 0 0 9 0 7 0 0 3 2 0 0 0 1 0 0 0 7 4 0 6 2 0 0 0 0 2 0 3 0 0 0 0 2 7 0 6 5 0 0 0 2 0 0 0 3 6 0 0 7 0 4 0 0 7 0 1 0 0 8 0 3 0 9 0 2 4 0	0.652482269504
0 0 2 0 0 1 0 0 0 0 6 8 0 0 0 0 0 3 0 0 0 0 8 6 0 9 0 9 0 0 0 0 2 0 8 6 8 0 4 0 0 0 1 0 2 5 2 0 8 0 0 0 0 9 0 8 0 1 4 0 0 0 0 1 0 0 0 0 0 9 2 0 0 0 0 7 0 0 5 0 0	0.711635220126
0 0 0 0 3 0 0 6 5 4 6 0 9 5 0 2 0 0 0 0 0 0 8 6 0 0 4 0 0 3 0 7 0 0 0 6 0 0 4 0 9 0 1 0 0 5 0 0 0 1 0 3 0 0 2 0 0 1 4 0 0 0 0 0 0 7 0 6 5 0 2 8 6 3 0 0 2 0 0 0 0	0.604619047619
