0 0 0 8 1 5 2 3 0 0 0 0 9 0 0 0 0 8 0 0 2 4 6 0 5 1 0 3 0 6 0 0 0 1 0 0 0 5 0 1 0 6 0 2 0 0 0 4 0 0 0 6 0 3 0 9 5 0 4 1 8 0 0 6 0 0 0 0 9 0 0 0 0 8 3 6 5 2 0 0 0	0.55
0 1 0 4 0 0 0 3 7 2 9 0 0 7 0 5 0 0 0 0 0 0 0 0 1 0 0 0 0 0 0 0 8 7 1 4 0 0 5 0 0 0 9 0 0 7 2 1 3 0 0 0 0 0 0 0 6 0 0 0 0 0 0 0 0 9 0 3 0 0 8 5 4 8 0 0 0 5 0 7 0	0.528421683139
3 0 0 5 1 2 0 0 4 2 0 0 7 0 8 0 0 6 0 1 0 0 0 0 0 0 0 0 9 0 0 0 0 0 6 2 0 2 0 9 0 6 0 8 0 5 7 0 0 0 0 0 4 0 0 0 0 0 0 0 0 5 0 1 0 0 6 0 4 0 0 9 7 0 0 1 3 5 0 0 8	0.57385620915
0 2 0 0 5 1 4 0 0 0 0 5 0 0 0 0 7 6 0 4 0 6 9 0 0 5 0 1 0 6 0 7 8 0 0 0 0 8 0 0 0 0 0 3 0 0 0 0 1 4 0 8 0 7 0 7 0 0 8 2 0 1 0 8 6 0 0 0 0 9 0 0 0 0 2 5 1 0 0 8 0	0.489067055394
0 0 0 0 0 1 4 9 0 0 1 5 0 2 0 3 7 0 7 4 0 6 0 0 0 0 0 1 0 6 0 0 8 2 0 9 4 0 0 2 0 9 0 0 1 2 0 9 1 0 0 8 0 7 0 0 0 0 0 2 0 1 3 0 6 1 0 3 0 9 2 0 0 9 2 5 0 0 0 0 0	0.542010582011
0 2 0 7 0 1 4 0 0 0 1 0 0 2 0 0 7 6 0 0 0 0 9 3 0 5 2 1 0 0 0 7 0 2 0 0 0 8 0 2 0 9 0 3 0 0 0 9 0 4 0 0 0 7 5 7 0 9 8 0 0 0 0 8 6 0 0 3 0 0 2 0 0 0 2 5 0 6 0 8 0	0.485055724417
4 0 6 0 0 0 0 2 0 0 2 0 6 8 0 1 0 5 0 1 8 0 0 0 0 0 3 0 8 0 7 0 5 3 0 0 0 0 7 0 3 0 5 0 0 0 0 3 8 0 6 0 1 0 8 0 0 0 0 0 4 7 0 6 0 1 0 7 4 0 3 0 0 4 0 0 0 0 6 0 1	0.46875
4 0 6 1 0 0 0 0 0 3 2 0 6 0 7 0 0 5 5 1 0 0 0 0 0 0 0 2 0 4 0 0 0 3 0 0 0 6 7 9 0 2 5 8 0 0 0 3 0 0 0 2 0 7 0 0 0 0 0 0 0 7 9 6 0 0 5 0 4 0 3 2 0 0 0 0 0 8 6 0 1	0.47657920311
0 2 0 0 9 5 0 0 7 0 4 5 0 3 2 1 6 0 0 7 0 0 6 0 0 4 0 4 9 0 0 0 0 7 0 0 0 0 3 0 0 0 2 0 0 0 0 7 0 0 0 0 9 6 0 3 0 0 7 0 0 5 0 0 6 1 3 2 0 4 7 0 7 0 0 6 5 0 0 2 0	0.554255319149
0 0 9 0 0 0 0 0 0 4 0 6 0 5 0 9 2 0 2 5 0 9 0 4 8 0 0 8 0 7 1 0 0 0 0 0 0 3 1 4 0 5 2 7 0 0 0 0 0 0 8 4 0 1 0 0 5 8 0 6 0 4 9 0 9 8 0 4 0 6 0 5 0 0 0 0 0 0 1 0 0	0.458156028369
0 0 0 0 0 2 8 9 3 0 0 0 0 0 3 0 0 7 0 6 7 9 0 0 0 4 2 0 0 3 0 0 0 0 8 9 9 5 0 3 0 8 0 2 6 6 8 0 0 0 0 1 0 0 2 3 0 0 0 5 9 7 0 1 0 0 2 0 0 0 0 0 5 7 9 8 0 0 0 0 0	0.452482269504
0 7 0 0 0 0 4 1 9 0 0 9 0 0 0 0 0 2 0 0 5 0 7 9 0 0 0 7 8 3 1 0 2 0 4 0 0 0 0 8 3 4 0 0 0 0 9 0 6 0 7 8 3 1 0 0 0 7 6 0 5 0 0 3 0 0 0 0 0 1 0 0 9 6 8 0 0 0 0 7 0	0.556150793651
2 4 0 0 0 9 7 0 1 0 0 1 0 0 6 0 4 0 0 3 6 0 0 0 2 0 0 5 0 0 9 0 0 0 1 6 0 0 0 6 0 2 0 0 0 6 9 0 0 0 7 0 0 4 0 0 3 0 0 0 6 8 0 0 5 0 8 0 0 4 0 0 8 0 2 7 0 0 0 3 5	0.469047619048
1 0 0 0 7 6 0 9 3 0 0 6 3 0 0 0 4 0 0 0 0 4 1 0 7 0 0 0 7 0 0 9 0 4 0 0 2 0 9 0 6 0 3 0 7 0 0 3 0 5 0 0 1 0 0 0 2 0 3 7 0 0 0 0 1 0 0 0 5 6 0 0 3 4 0 6 8 0 0 0 9	0.465972222222
1 7 0 0 3 4 0 9 0 0 0 0 0 0 0 0 2 0 5 0 6 0 0 7 0 0 0 3 0 0 1 0 0 0 8 7 0 4 7 0 5 0 3 1 0 8 2 0 0 0 9 0 0 5 0 0 0 4 0 0 9 0 3 0 6 0 0 0 0 0 0 0 0 3 0 7 9 0 0 6 1	0.458
7 0 2 0 0 0 0 1 0 0 1 6 2 0 4 0 0 3 0 0 3 0 6 0 0 0 0 2 9 4 0 3 0 1 5 0 6 3 0 0 2 0 0 7 4 0 7 5 0 9 0 3 6 2 0 0 0 0 4 0 6 0 0 4 0 0 3 0 5 8 2 0 0 2 0 0 0 0 5 0 7	0.45395021645
1 6 0 0 2 0 7 0 0 7 0 0 9 0 0 0 2 0 0 0 0 5 0 0 0 4 1 0 0 7 0 6 0 0 5 0 0 0 9 0 5 0 1 0 0 0 8 0 0 1 0 3 0 0 8 5 0 0 0 7 0 0 0 0 2 0 0 0 5 0 0 9 0 0 1 0 4 0 0 3 8	0.567902930403
0 0 5 4 2 0 0 0 3 7 0 8 9 0 0 6 2 0 0 9 0 0 0 0 0 0 0 0 1 0 0 6 3 0 0 2 6 0 0 2 0 4 0 0 7 5 0 0 7 1 0 0 6 0 0 0 0 0 0 0 0 1 0 0 2 6 0 0 5 4 0 9 9 0 0 0 4 2 5 0 0	0.540476190476
0 0 0 0 0 0 9 0 4 2 0 9 3 1 0 0 0 7 0 0 5 9 0 2 0 0 8 0 0 0 6 0 0 0 4 0 0 0 0 8 3 4 0 0 0 0 3 0 0 0 1 0 0 0 7 0 0 1 0 9 4 0 0 3 0 0 0 8 5 1 0 2 5 0 6 0 0 0 0 0 0	0.480769230769
0 0 2 0 1 9 0 0 4 0 7 0 0 2 0 0 0 0 4 0 0 7 6 0 0 2 8 0 0 0 2 0 0 6 0 3 0 8 6 0 0 0 1 5 0 2 0 5 0 0 8 0 0 0 7 6 0 0 8 3 0 0 5 0 0 0 0 7 0 0 3 0 5 0 0 1 9 0 4 0 0	0.454081632653
1 0 0 0 4 0 6 8 0 0 0 0 6 0 0 1 0 7 0 4 0 0 0 7 5 0 0 0 8 5 4 0 3 0 0 0 0 3 0 2 0 9 0 7 0 0 0 0 8 0 6 3 5 0 0 0 3 9 0 0 0 6 0 8 0 4 0 0 1 0 0 0 0 2 7 0 6 0 0 0 8	0.539455782313
8 1 7 0 0 0 2 0 0 0 0 0 0 0 0 9 0 6 0 6 0 0 2 0 0 1 7 0 7 0 8 0 9 0 2 0 3 0 0 2 0 7 0 0 5 0 9 0 1 0 4 0 6 0 7 5 0 0 1 0 0 4 0 1 0 9 0 0 0 0 0 0 0 0 2 0 0 0 5 3 1	0.570408163265
2 0 0 4 5 0 0 0 1 0 0 0 8 1 0 2 0 0 8 0 0 9 0 2 0 3 0 0 6 0 3 0 9 0 0 4 0 0 3 0 0 0 9 0 0 5 0 0 1 0 8 0 7 0 0 3 0 2 0 1 0 0 6 0 0 1 0 9 5 0 0 0 6 0 0 0 3 4 0 0 8	0.562827988338
0 1 0 0 5 0 9 8 0 0 0 8 0 0 0 1 3 5 0 0 0 0 8 0 4 0 6 3 0 0 4 1 0 5 0 0 0 0 0 3 0 8 0 0 0 0 0 1 0 9 6 0 0 7 1 0 7 0 6 0 0 0 0 8 9 2 0 0 0 7 0 0 0 3 6 0 4 0 0 9 0	0.478571428571
8 6 0 0 1 4 3 7 0 5 0 0 0 0 8 4 2 0 0 0 0 7 0 0 0 8 0 1 0 0 0 9 0 0 4 7 0 0 7 0 0 0 2 0 0 2 8 0 0 7 0 0 0 6 0 4 0 0 0 7 0 0 0 0 2 5 1 0 0 0 0 4 0 1 9 6 4 0 0 5 2	0.535460992908
0 0 0 7 0 0 0 0 0 8 4 0 0 0 0 7 9 5 0 2 9 0 5 0 0 0 8 5 0 0 0 4 1 0 0 0 0 1 3 0 0 0 9 5 0 0 0 0 6 3 0 0 0 1 6 0 0 0 2 0 1 3 0 1 7 5 0 0 0 0 8 2 0 0 0 0 0 4 0 0 0	0.549299719888
0 3 5 9 0 0 0 0 0 9 0 0 0 0 2 5 4 0 0 2 0 0 6 0 7 0 9 0 0 0 7 2 0 8 0 0 0 0 0 8 0 6 0 0 0 0 0 8 0 3 9 0 0 0 4 0 2 0 8 0 0 7 0 0 5 3 1 0 0 0 0 6 0 0 0 0 0 4 3 1 0	0.513538748833
0 0 0 0 0 5 0 0 4 0 4 0 3 7 1 6 9 0 0 7 0 0 2 0 3 0 1 0 0 6 0 8 0 9 1 0 0 0 4 0 1 0 7 0 0 0 8 7 0 6 0 4 0 0 7 0 5 0 4 0 0 3 0 0 6 3 1 5 2 0 4 0 4 0 0 9 0 0 0 0 0	0.561594202899
7 8 9 4 0 0 0 3 0 1 4 2 0 9 0 0 0 0 0 5 0 0 0 8 1 0 0 0 7 0 0 0 6 0 0 3 0 1 0 7 0 2 0 6 0 9 0 0 5 0 0 0 1 0 0 0 8 1 0 0 0 5 0 0 0 0 0 5 0 3 4 1 0 9 0 0 0 4 8 2 7	0.472340425532
0 1 0 6 7 0 0 0 3 6 0 0 0 3 4 1 0 0 0 0 0 0 0 9 4 5 0 7 0 0 0 6 0 8 0 0 4 8 0 2 0 1 0 7 5 0 0 1 0 8 0 0 0 4 0 4 2 9 0 0 0 0 0 0 0 3 7 4 0 0 0 2 8 0 0 0 5 2 0 4 0	0.496048632219
1 9 0 3 0 0 0 0 0 7 0 5 0 2 9 0 0 0 0 2 6 7 0 0 0 1 3 9 1 2 0 0 6 0 7 0 0 0 0 0 0 0 0 0 0 0 6 0 5 0 0 1 9 4 6 7 0 0 0 5 4 3 0 0 0 0 9 1 0 6 0 7 0 0 0 0 0 7 0 8 1	0.485815602837
0 5 2 0 4 0 0 0 6 0 0 7 0 5 0 4 9 0 0 6 0 3 0 9 8 5 0 0 0 0 5 0 0 7 0 9 7 9 0 0 3 0 0 1 5 5 0 3 0 0 7 0 0 0 0 7 9 6 0 5 0 4 0 0 8 5 0 1 0 9 0 0 3 0 0 0 9 0 5 6 0	0.463257575758
0 0 6 0 0 1 9 0 0 0 0 2 0 0 3 0 1 0 0 1 5 0 9 0 0 0 0 0 0 4 0 7 2 0 9 0 0 9 1 0 0 0 5 2 0 0 2 0 5 1 0 3 0 0 0 0 0 0 2 0 6 4 0 0 4 0 7 0 0 2 0 0 0 0 8 9 0 0 1 0 0	0.586157796452
0 7 6 0 0 1 9 0 0 0 8 0 0 6 0 0 0 0 0 1 0 0 0 7 4 8 0 0 3 0 0 0 2 0 0 1 0 0 1 3 0 4 5 0 0 8 0 0 5 0 0 0 6 0 0 5 3 1 0 0 0 4 0 0 0 0 0 3 0 0 5 0 0 0 8 9 0 0 1 7 0	0.492156862745
0 9 5 0 0 1 0 6 0 0 8 4 5 7 0 0 0 0 0 0 7 0 0 8 0 4 0 7 0 0 9 0 0 0 1 3 0 0 2 0 0 0 7 0 0 3 5 0 0 0 7 0 0 4 0 1 0 7 0 0 4 0 0 0 0 0 0 9 4 6 7 0 0 7 0 2 0 0 3 5 0	0.458843537415
2 0 5 7 0 6 4 0 0 7 0 0 4 3 0 0 2 6 0 0 0 0 0 0 7 0 0 6 0 0 0 0 7 0 3 0 0 8 0 5 0 9 0 6 0 0 5 0 1 0 0 0 0 8 0 0 4 0 0 0 0 0 0 5 7 0 0 8 1 0 0 2 0 0 2 6 0 4 3 0 7	0.533624878523
0 0 0 6 0 0 1 2 0 0 0 0 0 0 9 0 0 6 0 6 0 3 1 0 5 0 9 0 1 4 0 0 2 0 6 7 0 8 7 0 4 0 2 3 0 2 3 0 7 0 0 4 5 0 4 0 3 0 6 7 0 9 0 6 0 0 4 0 0 0 0 0 0 5 1 0 0 3 0 0 0	0.450362318841
0 9 5 4 6 0 0 0 0 3 0 4 9 0 1 0 5 0 0 0 0 3 0 0 0 0 4 6 0 0 7 0 4 0 2 0 0 0 1 0 2 0 3 0 0 0 4 0 5 0 9 0 0 6 9 0 0 0 0 7 0 0 0 0 6 0 2 0 8 5 0 3 0 0 0 0 4 3 2 9 0	0.510416666667
0 0 5 6 0 0 9 4 3 3 0 0 0 4 0 0 0 0 0 4 0 0 0 0 7 0 6 0 7 0 0 9 4 0 0 0 6 0 2 0 0 0 4 0 5 0 0 0 2 6 0 0 3 0 1 0 3 0 0 0 0 7 0 0 0 0 0 5 0 0 0 9 8 9 4 0 0 7 6 0 0	0.521661998133
9 7 0 6 0 8 0 0 0 0 0 4 0 0 7 8 3 0 1 2 0 3 0 0 0 0 0 0 8 0 0 0 5 3 9 7 0 0 7 0 0 0 6 0 0 6 4 9 7 0 0 0 1 0 0 0 0 0 0 6 0 4 5 0 9 6 5 0 0 2 0 0 0 0 0 9 0 2 0 6 3	0.516565349544
0 0 0 0 0 0 0 1 0 0 5 0 0 2 4 6 9 0 2 6 0 3 0 1 8 0 7 0 0 3 2 0 8 0 0 5 4 0 0 0 0 0 0 0 2 5 0 0 4 0 3 9 0 0 6 0 5 9 0 7 0 2 1 0 9 1 5 3 0 0 6 0 0 2 0 0 0 0 0 0 0	0.520618034448
3 0 4 0 7 0 0 8 0 1 0 0 3 0 0 0 0 0 0 7 9 0 6 0 0 0 3 9 0 3 0 1 7 0 6 4 0 0 7 0 8 0 3 0 0 4 1 0 9 3 0 2 0 7 7 0 0 0 4 0 1 2 0 0 0 0 0 0 1 0 0 5 0 3 0 0 2 0 4 0 8	0.497463768116
3 0 4 0 0 0 5 0 0 5 0 8 0 0 6 0 4 2 0 0 0 5 4 0 0 0 3 0 8 0 2 0 0 6 5 0 1 0 0 0 0 0 0 0 9 0 6 9 0 0 4 0 1 0 2 0 0 0 8 7 0 0 0 8 3 0 9 0 0 1 0 4 0 0 7 0 0 0 8 0 6	0.487609329446
0 0 0 8 0 2 0 0 1 0 7 8 0 3 0 0 0 2 0 1 0 5 0 0 0 0 0 0 0 3 2 0 0 6 5 0 0 2 5 0 0 0 4 3 0 0 6 9 0 0 4 2 0 0 0 0 0 0 0 7 0 9 0 8 0 0 0 2 0 1 7 0 9 0 0 4 0 3 0 0 0	0.504248366013
0 0 0 0 9 0 6 0 5 7 0 5 0 2 0 0 0 0 0 4 0 0 0 3 1 0 7 0 3 9 2 0 0 0 5 1 2 0 0 0 1 0 0 0 6 5 7 0 0 0 9 2 8 0 8 0 6 9 0 0 0 7 0 0 0 0 0 7 0 8 0 2 1 0 7 0 4 0 0 0 0	0.484722222222
9 0 7 1 0 0 0 0 0 0 1 0 0 6 0 0 0 0 0 0 0 7 8 0 0 0 4 8 0 5 0 2 7 0 9 0 0 0 2 8 0 4 5 0 0 0 7 0 5 9 0 8 0 2 2 0 0 0 7 6 0 0 0 0 0 0 0 4 0 0 7 0 0 0 0 0 0 8 2 0 5	0.535574229692
5 0 0 7 3 0 6 0 2 6 0 0 0 0 4 1 5 0 0 0 0 0 6 1 0 0 0 4 0 6 9 0 0 5 2 0 0 0 0 0 8 0 0 0 0 0 2 5 0 0 6 9 0 1 0 0 0 1 9 0 0 0 0 0 5 7 3 0 0 0 0 9 9 0 2 0 5 7 0 0 4	0.500942460317
0 0 0 0 3 2 9 0 0 7 4 0 8 0 0 2 1 6 0 1 0 6 0 0 0 0 0 0 2 8 0 0 9 0 0 4 0 0 0 0 4 0 0 0 0 4 0 0 3 0 0 1 9 0 0 0 0 0 0 7 0 3 0 8 6 1 0 0 3 0 7 9 0 0 5 9 6 0 0 0 0	0.487333333333
0 0 9 0 0 5 2 0 0 0 8 0 0 9 0 1 7 0 4 0 0 0 0 3 0 6 5 0 3 0 5 0 2 4 9 0 0 0 0 0 6 0 0 0 0 0 2 7 8 0 4 0 5 0 6 1 0 3 0 0 0 0 9 0 5 8 0 2 0 0 1 0 0 0 3 6 0 0 7 0 0	0.479166666667
6 0 0 0 0 7 0 8 0 0 0 0 0 0 9 0 0 1 4 1 0 0 8 0 0 0 2 9 4 0 0 5 1 0 6 0 1 0 8 0 0 0 9 0 5 0 3 0 9 2 0 0 7 4 3 0 0 0 4 0 0 5 6 8 0 0 6 0 0 0 0 0 0 6 0 8 0 0 0 0 3	0.487074829932
3 8 0 0 5 0 0 0 4 0 0 0 0 0 0 8 5 6 0 5 0 8 9 0 3 0 0 0 0 0 1 0 4 0 0 7 0 0 8 9 7 5 1 0 0 1 0 0 3 0 8 0 0 0 0 0 5 0 4 7 0 1 0 7 9 1 0 0 0 0 0 0 4 0 0 0 1 0 0 2 8	0.460416666667
9 1 3 2 0 0 0 0 0 6 5 0 0 0 8 9 0 0 0 0 0 5 0 9 0 6 0 5 0 0 0 0 4 0 0 0 2 7 4 1 0 3 6 8 9 0 0 0 9 0 0 0 0 1 0 2 0 4 0 5 0 0 0 0 0 5 3 0 0 0 2 6 0 0 0 0 0 1 3 4 5	0.475177304965
8 3 7 0 0 0 0 0 5 0 0 0 0 0 6 4 0 0 0 0 0 8 5 0 0 0 7 7 0 6 3 8 2 0 5 0 0 8 0 0 0 0 0 3 0 0 1 0 5 4 7 6 0 8 3 0 0 0 6 8 0 0 0 0 0 8 1 0 0 0 0 0 2 0 0 0 0 0 8 4 9	0.475850340136
0 0 0 9 0 4 0 0 5 0 0 5 2 7 0 4 0 0 0 0 4 0 5 0 1 9 0 7 4 0 0 8 0 0 5 0 0 8 0 0 9 0 0 3 0 0 1 0 0 4 0 0 2 8 0 7 9 0 6 0 5 0 0 0 0 8 0 2 9 3 0 0 2 0 0 7 0 5 0 0 0	0.545486111111
2 0 7 3 0 5 0 1 0 5 0 0 4 0 0 0 0 7 0 1 0 7 0 0 3 0 4 0 0 0 1 0 4 2 0 9 0 9 0 0 5 0 0 7 0 1 0 2 9 0 3 0 0 0 4 0 6 0 0 7 0 9 0 3 0 0 0 0 9 0 0 2 0 2 0 8 0 1 4 0 5	0.486231884058
0 0 2 4 5 0 7 3 0 8 4 0 0 7 0 0 0 0 0 9 5 3 2 0 0 0 0 0 3 8 7 0 2 0 0 0 9 0 4 0 0 0 3 0 7 0 0 0 9 0 3 1 8 0 0 0 0 0 3 6 5 7 0 0 0 0 0 8 0 0 9 4 0 7 1 0 9 4 8 0 0	0.475132275132
0 0 0 4 0 3 6 1 0 6 0 4 9 0 0 3 7 0 0 3 0 0 7 0 4 0 8 0 0 0 0 9 0 0 5 4 0 0 2 5 0 8 1 0 0 5 6 0 0 4 0 0 0 0 3 0 5 0 1 0 0 4 0 0 8 7 0 0 4 5 0 1 0 1 6 7 0 9 0 0 0	0.540740740741
0 0 4 7 0 0 2 0 3 0 0 0 9 0 4 5 0 6 0 0 0 5 6 0 0 0 0 5 0 0 0 1 0 0 8 2 0 0 2 8 0 5 9 0 0 9 8 0 0 4 0 0 0 5 0 0 0 0 9 7 0 0 0 2 0 5 4 0 8 0 0 0 7 0 3 0 0 6 8 0 0	0.511273080661
2 8 0 0 9 7 3 0 0 4 0 7 0 3 0 8 0 0 0 3 5 0 0 8 0 0 6 0 0 0 0 1 3 0 8 0 8 0 1 0 0 0 5 0 7 0 5 0 7 8 0 0 0 0 3 0 0 8 0 0 7 2 0 0 0 8 0 2 0 4 0 3 0 0 4 3 7 0 0 5 8	0.473703703704
0 0 3 9 0 0 7 0 0 4 0 0 2 3 0 0 0 0 0 1 9 0 0 0 0 2 0 0 0 0 0 2 0 0 8 1 3 0 2 0 6 0 9 0 4 7 9 0 0 8 0 0 0 0 0 7 0 0 0 0 1 3 0 0 0 0 0 9 6 0 0 7 0 0 6 0 0 5 8 0 0	0.560851648352
0 0 0 0 0 3 0 0 0 0 4 8 5 0 0 0 9 0 2 9 0 7 0 0 0 3 6 9 0 4 1 0 7 0 6 2 0 0 2 0 0 0 3 0 0 8 1 0 3 0 2 7 0 9 1 5 0 0 0 9 0 4 8 0 2 0 0 0 8 9 7 0 0 0 0 6 0 0 0 0 0	0.450709219858
8 0 0 0 0 0 7 0 0 0 4 0 0 0 0 0 9 8 0 1 3 0 7 0 0 0 0 7 0 0 2 0 8 9 6 0 0 0 6 7 0 1 5 0 0 0 3 9 4 0 5 0 0 2 0 0 0 0 1 0 2 8 0 6 2 0 0 0 0 0 5 0 0 0 8 0 0 0 0 0 9	0.483613445378
0 3 0 0 0 9 0 5 4 0 0 0 0 0 5 0 0 1 0 9 0 0 3 0 6 7 0 8 0 0 5 0 7 0 2 3 2 5 0 0 0 0 0 1 6 3 1 0 2 0 8 0 0 7 0 7 3 0 5 0 0 8 0 6 0 0 7 0 0 0 0 0 9 2 0 4 0 0 0 6 0	0.484397163121
0 0 0 0 0 2 0 7 4 0 0 0 3 0 5 0 6 0 3 9 0 0 7 1 0 0 8 0 0 1 7 6 0 0 3 0 0 0 0 0 0 0 0 0 0 0 3 0 0 5 4 8 0 0 9 0 0 8 1 0 0 2 7 0 2 0 4 0 9 0 0 0 6 1 0 5 0 0 0 0 0	0.475490196078
1 0 5 0 0 0 0 0 0 0 7 2 0 0 5 0 0 0 3 9 0 0 7 0 2 0 8 0 5 1 0 6 8 0 3 0 0 0 0 1 0 3 0 0 0 0 3 0 2 5 0 8 1 0 9 0 3 0 1 0 0 2 7 0 0 0 4 0 0 6 8 0 0 0 0 0 0 0 4 0 3	0.488289601555
0 0 0 0 0 0 0 0 0 3 2 0 9 0 0 0 0 0 9 6 0 5 0 0 2 0 1 2 0 9 3 0 0 1 6 0 4 0 8 0 1 0 3 0 9 0 1 3 0 0 7 8 0 5 1 0 6 0 0 4 0 3 2 0 0 0 0 0 2 0 4 6 0 0 0 0 0 0 0 0 0	0.514523809524
5 8 0 0 2 1 0 0 3 0 2 1 0 0 0 0 5 7 0 0 7 5 0 0 0 0 0 0 7 0 3 8 5 0 0 4 0 0 8 0 0 0 3 0 0 6 0 0 4 9 7 0 2 0 0 0 0 0 0 4 7 0 0 8 3 0 0 0 0 9 4 0 7 0 0 6 3 0 0 1 8	0.503546099291
0 0 9 2 1 5 0 0 7 0 0 0 0 6 0 2 0 5 0 0 0 0 9 0 3 0 8 0 0 6 5 0 0 9 2 0 0 0 0 0 0 0 0 0 0 0 5 4 0 0 1 6 0 0 3 0 7 0 8 0 0 0 0 4 0 2 0 5 0 0 0 0 5 0 0 3 2 9 7 0 0	0.484640522876
0 0 9 2 0 0 0 0 0 0 0 0 0 6 0 0 0 5 6 2 5 7 0 0 3 1 8 0 7 0 0 0 0 9 0 4 9 0 3 0 0 0 5 0 1 2 0 4 0 0 0 0 8 0 3 9 7 0 0 6 1 5 2 4 0 0 0 5 0 0 0 0 0 0 0 0 0 9 7 0 0	0.582717849044
8 0 0 0 1 0 4 0 0 0 4 0 0 6 0 2 0 0 0 2 0 0 9 4 3 0 8 1 0 6 5 3 0 0 2 0 0 0 3 6 0 2 5 0 0 0 5 0 0 7 1 6 0 3 3 0 7 4 8 0 0 5 0 0 0 2 0 5 0 0 3 0 0 0 8 0 2 0 0 0 6	0.459259259259
1 0 3 0 0 5 7 0 0 0 7 5 0 9 0 1 3 0 0 0 8 7 1 0 5 0 9 3 0 0 0 0 8 0 0 0 0 0 2 0 0 0 4 0 0 0 0 0 6 0 0 0 0 2 2 0 4 0 6 9 8 0 0 0 3 6 0 4 0 2 9 0 0 0 7 1 0 0 3 0 4	0.453546099291
0 5 7 2 0 0 1 8 0 3 0 1 0 6 0 7 0 4 0 0 8 7 0 1 0 0 0 0 0 6 0 7 0 0 0 1 0 0 0 4 0 8 0 0 0 7 0 0 0 2 0 8 0 0 0 0 0 5 0 7 4 0 0 1 0 4 0 8 0 2 0 5 0 8 5 0 0 2 3 6 0	0.509219858156
0 3 0 9 0 6 7 5 0 0 0 0 0 8 2 0 0 4 0 0 0 3 4 5 0 1 0 0 0 9 0 6 7 0 0 1 8 0 0 0 0 0 0 0 7 7 0 0 8 2 0 9 0 0 0 7 0 4 5 8 0 0 0 5 0 0 2 3 0 0 0 0 0 1 3 6 0 9 0 2 0	0.46798378926
6 0 5 0 1 0 0 0 0 0 1 0 5 0 9 0 6 0 0 9 0 0 0 7 2 0 0 9 0 0 1 5 8 7 0 6 0 3 0 0 0 0 0 9 0 1 0 6 3 9 2 0 0 8 0 0 3 8 0 0 0 4 0 0 6 0 9 0 3 0 8 0 0 0 0 0 4 0 6 0 3	0.450354609929
8 0 6 5 0 2 0 7 0 2 0 5 4 0 0 0 0 0 4 0 7 9 0 0 2 5 0 0 0 0 0 0 0 0 8 7 9 0 1 0 0 0 3 0 6 6 4 0 0 0 0 0 0 0 0 2 9 0 0 4 8 0 3 0 0 0 0 0 3 7 0 5 0 6 0 7 0 8 1 0 2	0.515197568389
0 0 0 0 0 7 0 0 0 5 0 9 0 1 0 3 7 8 7 8 0 0 5 0 6 0 0 1 0 0 5 2 0 0 9 0 0 0 2 3 0 6 1 0 0 0 6 0 0 9 1 0 0 3 0 0 6 0 7 0 0 2 4 8 7 5 0 6 0 9 0 1 0 0 0 1 0 0 0 0 0	0.477862208713
0 0 0 0 0 0 0 4 0 0 0 7 0 0 0 0 3 8 0 4 0 0 5 8 0 0 0 0 0 8 0 6 1 3 2 4 0 3 4 0 8 0 9 1 0 1 5 2 9 4 0 6 0 0 0 0 0 1 9 0 0 6 0 8 1 0 0 0 0 2 0 0 0 7 0 0 0 0 0 0 0	0.528666666667
7 0 0 0 0 4 0 0 0 2 0 3 9 0 0 6 0 0 0 0 4 6 1 3 7 0 8 5 0 0 0 9 0 0 1 0 0 0 8 2 0 1 4 0 0 0 4 0 0 8 0 0 0 9 3 0 1 7 6 9 5 0 0 0 0 9 0 0 2 1 0 6 0 0 0 1 0 0 0 0 2	0.564741641337
0 0 0 0 8 0 0 0 1 9 8 0 3 0 5 6 0 0 7 3 0 0 0 0 0 9 0 0 0 0 8 6 4 0 1 0 8 0 6 1 0 3 9 0 4 0 5 0 2 7 9 0 0 0 0 4 0 0 0 0 0 5 6 0 0 7 6 0 1 0 8 3 6 0 0 0 3 0 0 0 0	0.491134751773
4 0 0 9 0 0 0 3 0 0 8 0 3 0 5 6 0 0 7 3 0 0 1 0 0 0 0 3 0 0 8 0 0 7 1 0 0 0 6 0 0 0 9 0 0 0 5 4 0 0 9 0 0 8 0 0 0 0 9 0 0 5 6 0 0 7 6 0 1 0 8 0 0 1 0 0 0 2 0 0 9	0.576050420168
0 0 5 0 2 0 4 0 8 0 3 0 0 0 5 9 0 2 0 0 0 3 0 6 0 1 0 0 2 0 0 0 0 7 0 6 0 0 0 5 0 2 0 0 0 8 0 7 0 0 0 0 4 0 0 9 0 2 0 4 0 0 0 5 0 8 9 0 0 0 2 0 2 0 1 0 8 0 3 0 0	0.495051353875
0 0 0 0 0 7 0 4 2 0 9 7 5 2 0 0 6 0 8 0 0 4 0 0 0 7 0 0 0 6 0 7 0 0 3 0 3 0 0 0 0 0 0 0 8 0 8 0 0 5 0 6 0 0 0 6 0 0 0 8 0 0 5 0 2 0 0 3 9 7 8 0 7 3 0 2 0 0 0 0 0	0.55116713352
0 0 3 9 8 6 7 1 0 2 0 0 0 3 1 0 0 6 0 6 0 0 0 0 5 3 0 0 0 0 0 4 8 0 2 0 0 0 0 0 0 0 0 0 0 0 9 0 6 1 0 0 0 0 0 2 4 0 0 0 0 7 0 1 0 0 8 6 0 0 0 3 0 3 8 1 2 4 6 0 0	0.531632653061
5 0 3 9 8 0 0 0 0 0 8 0 5 0 0 0 0 0 9 6 0 4 7 0 0 3 8 3 0 0 0 0 0 0 2 5 0 7 5 0 0 0 1 6 0 4 9 0 0 0 0 0 0 7 6 2 0 0 5 9 0 7 1 0 0 0 0 0 7 0 4 0 0 0 0 0 2 4 6 0 9	0.599290780142
5 0 9 4 0 0 0 0 0 6 0 0 0 3 7 5 9 0 0 3 7 5 6 9 0 0 0 0 0 0 7 4 0 0 8 0 0 0 6 2 0 3 4 0 0 0 4 0 0 9 6 0 0 0 0 0 0 6 2 8 7 1 0 0 6 2 3 7 0 0 0 9 0 0 0 0 0 1 6 0 3	0.551851851852
1 0 5 7 0 6 0 2 0 0 3 0 2 0 9 0 5 1 0 2 0 0 0 0 7 0 0 0 0 3 0 0 8 5 0 0 0 4 0 3 0 5 0 7 0 0 0 1 6 0 0 9 0 0 0 0 8 0 0 0 0 1 0 3 1 0 8 0 7 0 9 0 0 7 0 9 0 2 8 0 4	0.537993920973
4 0 5 0 0 0 0 7 0 0 1 0 4 7 5 0 9 3 9 0 0 2 0 6 0 0 0 6 0 0 0 2 0 1 0 5 0 0 0 0 0 0 0 0 0 1 0 3 0 9 0 0 0 7 0 0 0 5 0 3 0 0 8 3 7 0 1 4 2 0 5 0 0 4 0 0 0 0 3 0 2	0.483333333333
1 8 4 2 0 0 0 0 0 0 6 0 0 0 9 1 2 0 0 2 0 0 8 0 0 0 0 0 1 8 0 5 0 0 0 0 9 0 0 0 0 0 0 0 3 0 0 0 0 1 0 6 5 0 0 0 0 0 9 0 0 8 0 0 5 7 1 0 0 0 9 0 0 0 0 0 0 3 5 4 7	0.594923629829
4 3 0 2 0 5 0 0 0 0 9 2 0 7 0 5 0 0 0 0 0 8 4 1 2 0 3 0 1 0 0 0 0 8 3 2 0 0 0 0 0 0 0 0 0 9 8 6 0 0 0 0 7 0 2 0 3 6 1 9 0 0 0 0 0 9 0 3 0 6 1 0 0 0 0 7 0 4 0 2 9	0.495390070922
0 0 0 0 2 0 1 0 0 3 0 0 0 9 0 2 0 6 0 9 5 1 6 0 0 8 0 0 1 0 0 0 6 4 0 0 0 8 0 0 0 0 0 2 0 0 0 7 2 0 0 0 6 0 0 7 0 0 3 9 8 1 0 1 0 9 0 8 0 0 0 4 0 0 6 0 7 0 0 0 0	0.490522875817
0 0 9 0 1 0 3 2 0 2 7 0 9 3 0 6 0 1 0 0 3 0 6 2 4 0 0 0 1 0 5 7 0 0 3 0 0 0 2 0 0 0 5 0 0 0 3 0 0 2 6 0 1 0 0 0 7 6 5 0 1 0 0 3 0 6 0 9 7 0 4 5 0 5 1 0 8 0 7 0 0	0.508914728682
0 0 4 7 0 0 0 0 3 3 0 0 0 1 4 0 7 0 8 7 0 3 0 0 0 9 4 0 0 5 0 4 7 3 0 0 0 3 7 0 0 0 4 8 0 0 0 2 8 3 0 9 0 0 2 4 0 0 0 9 0 3 6 0 9 0 4 6 0 0 0 8 5 0 0 0 0 3 2 0 0	0.450740740741
0 0 0 0 0 9 7 0 4 8 0 0 6 0 4 3 0 5 0 0 0 0 8 0 0 0 2 6 0 0 0 7 0 0 2 0 7 8 0 2 0 5 0 6 9 0 5 0 0 4 0 0 0 7 3 0 0 0 6 0 0 0 0 5 0 7 3 0 8 0 0 6 9 0 6 1 0 0 0 0 0	0.486734693878
2 0 0 0 0 6 0 0 0 0 7 1 8 2 0 4 0 0 0 0 8 0 0 0 3 0 0 0 1 0 2 6 0 7 0 0 4 2 0 5 0 7 0 6 1 0 0 7 0 9 4 0 3 0 0 0 4 0 0 0 6 0 0 0 0 2 0 4 1 8 7 0 0 0 0 7 0 0 0 0 3	0.56156462585
3 0 0 2 0 0 6 9 0 8 0 0 3 6 0 4 0 7 0 0 0 0 0 0 0 0 3 0 1 0 7 0 0 8 4 0 0 7 8 0 2 0 3 1 0 0 3 6 0 0 4 0 7 0 1 0 0 0 0 0 0 0 0 7 0 4 0 3 9 0 0 5 0 6 2 0 0 8 0 0 4	0.523611111111
3 0 0 0 0 0 6 9 0 8 2 0 0 0 1 0 0 0 0 5 1 9 0 7 0 8 0 0 0 0 0 9 0 8 0 6 0 7 8 0 0 0 3 1 0 9 0 6 0 1 0 0 0 0 0 9 0 4 0 2 7 6 0 0 0 0 6 0 0 0 2 5 0 6 2 0 0 0 0 0 4	0.536005830904
0 7 4 5 0 6 0 1 3 9 0 0 0 3 7 0 0 0 0 0 2 0 0 0 0 0 4 0 0 5 1 0 0 0 4 9 0 1 0 0 0 0 0 7 0 7 4 0 0 0 2 1 0 0 4 0 0 0 0 0 5 0 0 0 0 0 2 6 0 0 0 7 1 9 0 7 0 4 2 3 0	0.598639455782
5 0 0 0 8 0 4 1 0 0 7 0 0 0 0 0 0 0 8 0 6 0 0 9 0 0 3 0 3 0 0 0 2 0 5 1 0 5 2 1 0 4 3 6 0 1 6 0 8 0 0 0 2 0 6 0 0 3 0 0 8 0 7 0 0 0 0 0 0 0 4 0 0 8 1 0 4 0 0 0 6	0.531438289602
0 0 7 8 0 0 0 1 0 9 0 0 3 0 4 0 0 8 6 3 0 0 0 1 2 0 0 3 8 6 2 0 0 0 0 1 0 0 0 0 0 0 0 0 0 4 0 0 0 0 5 8 3 7 0 0 1 7 0 0 0 4 5 8 0 0 1 0 2 0 0 9 0 6 0 0 0 3 1 0 0	0.454081632653
0 1 6 9 0 4 5 0 0 0 7 0 0 0 5 1 4 0 0 0 0 0 0 0 0 0 9 3 0 4 0 1 0 7 9 0 9 0 0 0 0 0 0 0 3 0 2 1 0 3 0 4 0 6 1 0 0 0 0 0 0 0 0 0 3 7 6 0 0 0 2 0 0 0 8 2 0 1 3 5 0	0.476044703596
1 8 5 0 0 0 4 9 0 0 0 0 4 0 0 0 0 0 0 7 0 3 0 8 0 0 5 9 2 0 5 0 0 3 0 0 0 4 0 8 0 3 0 2 0 0 0 8 0 0 9 0 5 4 6 0 0 9 0 7 0 3 0 0 0 0 0 0 5 0 0 0 0 5 9 0 0 0 7 6 2	0.52074829932
1 6 0 3 0 0 2 0 0 0 0 2 0 8 1 0 0 7 0 0 0 0 0 0 0 1 9 0 0 5 0 0 0 3 6 1 0 0 0 0 9 0 0 0 0 8 2 1 0 0 0 5 0 0 5 8 0 0 0 0 0 0 0 3 0 0 9 5 0 7 0 0 0 0 6 0 0 3 0 8 5	0.485302197802
4 0 8 0 5 0 0 0 0 5 9 0 0 0 3 0 4 8 7 0 0 6 0 0 0 9 0 0 8 2 0 0 0 0 1 0 0 0 7 0 3 0 9 0 0 0 5 0 0 0 0 6 3 0 0 6 0 0 0 2 0 0 9 8 7 0 5 0 0 0 2 3 0 0 0 0 9 0 1 0 7	0.512952380952
0 0 0 2 5 0 3 7 0 5 9 0 0 0 3 2 0 8 7 2 3 6 0 0 0 9 0 0 8 0 9 0 0 0 0 5 6 4 0 0 3 0 0 8 2 9 0 0 0 0 7 0 3 0 0 6 0 0 0 2 8 5 9 8 0 9 5 0 0 0 2 3 0 3 5 0 9 8 0 0 0	0.5
0 0 4 8 0 7 1 0 0 8 0 2 0 0 4 0 7 0 0 0 0 2 1 0 0 0 0 0 4 0 0 0 0 7 3 0 7 0 0 4 2 3 0 0 5 0 3 1 0 0 0 0 4 0 0 0 0 0 4 1 0 0 0 0 6 0 7 0 0 8 0 4 0 0 3 9 0 6 5 0 0	0.504666666667
0 6 8 0 2 5 7 0 3 0 0 0 0 0 0 0 0 0 0 7 1 0 0 3 9 0 0 6 1 0 3 5 0 2 0 0 0 8 0 0 0 0 0 4 0 0 0 3 0 6 4 0 9 5 0 0 7 6 0 0 5 8 0 0 0 0 0 0 0 0 0 0 8 0 6 5 3 0 4 2 0	0.583746355685
0 0 0 0 2 0 0 1 0 0 0 9 0 0 0 0 0 4 5 0 1 0 0 3 9 0 0 6 1 0 3 0 9 2 7 8 9 0 0 0 0 0 0 0 6 7 2 3 8 0 4 0 9 5 0 0 7 6 0 0 5 0 1 1 0 0 0 0 0 6 0 0 0 9 0 0 3 0 0 0 0	0.512585034014
0 1 0 0 0 5 0 0 0 0 0 0 0 7 2 0 6 0 0 9 6 0 0 0 0 5 2 6 8 2 0 0 0 0 4 9 0 0 5 0 4 0 6 0 0 9 7 0 0 0 0 3 2 1 8 2 0 0 0 0 4 1 0 0 5 0 8 2 0 0 0 0 0 0 0 4 0 0 0 3 0	0.466333333333
0 5 0 0 1 4 0 3 0 0 0 2 0 7 0 0 4 0 0 1 0 0 0 8 0 0 0 0 2 9 0 4 5 3 0 0 0 0 7 0 8 0 6 0 0 0 0 1 3 6 0 5 2 0 0 0 0 4 0 0 0 6 0 0 7 0 0 2 0 8 0 0 0 9 0 8 5 0 0 1 0	0.528285714286
8 0 6 0 0 0 0 4 0 0 9 7 0 6 0 3 0 0 0 2 0 8 0 0 5 1 6 0 0 0 4 0 3 0 0 0 4 0 0 0 0 0 0 0 2 0 0 0 1 0 9 0 0 0 7 4 1 0 0 2 0 6 0 0 0 5 0 1 0 2 3 0 0 3 0 0 0 0 7 0 1	0.5110410831
0 0 8 0 0 0 5 0 0 0 5 0 1 0 0 0 6 7 0 2 7 5 0 0 3 0 8 7 0 0 3 0 1 0 0 0 2 1 5 0 0 0 6 8 3 0 0 0 8 0 5 0 0 9 5 0 4 0 0 9 7 3 0 8 3 0 0 0 7 0 4 0 0 0 2 0 0 0 8 0 0	0.471631205674
0 0 0 0 0 5 0 0 4 0 0 3 4 0 0 7 9 0 0 7 0 3 1 0 5 0 0 8 0 6 1 0 0 0 0 3 2 0 0 0 0 0 0 0 9 7 0 0 0 0 3 2 0 8 0 0 5 0 3 2 0 6 0 0 8 7 0 0 6 3 0 0 3 0 0 7 0 0 0 0 0	0.482026143791
6 8 0 4 5 0 0 7 0 0 5 0 0 0 7 4 0 0 0 0 0 1 0 2 6 5 0 1 0 0 9 4 0 0 6 0 0 0 0 0 3 0 0 0 0 0 3 0 0 1 5 0 0 7 0 1 7 5 0 4 0 0 0 0 0 5 6 0 0 0 8 0 0 6 0 0 7 1 0 2 4	0.553786375661
5 0 1 0 7 0 0 0 0 8 0 3 1 0 4 0 0 0 7 0 0 5 0 8 0 0 0 2 0 0 0 0 0 0 3 8 0 3 8 0 0 0 7 5 0 1 7 0 0 0 0 0 0 6 0 0 0 6 0 7 0 0 1 0 0 0 2 0 1 8 0 4 0 0 0 0 9 0 6 0 5	0.531325863679
5 0 7 6 0 0 0 0 2 0 0 0 0 7 3 8 0 1 0 2 0 9 0 0 0 7 0 0 0 0 1 6 7 5 8 9 0 0 0 0 0 0 0 0 0 6 1 9 8 5 2 0 0 0 0 6 0 0 0 1 0 3 0 1 0 4 3 2 0 0 0 0 9 0 0 0 0 6 1 0 8	0.486068895643
0 0 0 0 0 0 0 7 0 4 0 0 0 1 0 5 0 0 0 7 0 0 6 9 0 3 8 2 5 0 0 0 6 3 0 0 6 4 0 2 0 5 0 1 9 0 0 8 9 0 0 0 5 6 7 2 0 6 5 0 0 8 0 0 0 5 0 7 0 0 0 1 0 8 0 0 0 0 0 0 0	0.480272108844
8 9 1 0 2 0 6 7 4 4 0 0 0 1 8 5 0 0 0 7 0 0 6 0 0 0 0 0 0 0 0 0 6 3 4 0 6 0 0 0 0 0 0 0 9 0 1 8 9 0 0 0 0 0 0 0 0 0 5 0 0 8 0 0 0 5 8 7 0 0 0 1 1 8 6 0 9 0 7 2 5	0.458865248227
2 0 7 6 0 3 4 0 0 0 1 6 8 0 0 9 0 0 4 0 0 0 7 0 5 0 0 0 2 0 0 0 0 7 0 8 0 0 9 0 0 0 3 0 0 7 0 1 0 0 0 0 9 0 0 0 5 0 4 0 0 0 9 0 0 4 0 0 7 6 3 0 0 0 2 3 0 5 1 0 7	0.476530612245
0 4 0 0 1 5 0 9 7 0 7 2 0 9 6 4 0 0 0 0 0 7 0 0 0 0 0 0 0 4 1 3 0 0 7 0 3 1 0 6 0 2 0 5 4 0 6 0 0 7 4 2 0 0 0 0 0 0 0 7 0 0 0 0 0 9 4 6 0 5 2 0 5 3 0 9 2 0 0 4 0	0.559259259259
0 4 3 0 0 0 0 9 0 0 0 0 0 0 0 0 0 5 6 0 0 7 4 8 1 0 2 0 0 4 1 0 9 8 0 0 0 1 0 6 0 2 0 5 0 0 0 8 5 0 4 2 0 0 4 0 1 8 5 7 0 0 9 7 0 0 0 0 0 0 0 0 0 3 0 0 0 0 7 4 0	0.460204081633
0 0 6 1 2 0 0 0 0 0 0 0 0 7 8 0 2 0 4 0 3 5 0 9 0 0 7 0 3 5 0 8 0 0 0 2 0 0 9 0 3 0 1 0 0 7 0 0 0 5 0 6 3 0 1 0 0 2 0 5 3 0 8 0 5 0 8 4 0 0 0 0 0 0 0 0 1 7 2 0 0	0.480208333333
0 0 6 0 0 4 5 0 3 5 0 0 3 7 0 0 2 6 4 0 3 5 0 0 0 0 0 0 0 0 4 8 0 0 7 0 0 0 9 0 3 0 1 0 0 0 1 0 0 5 2 0 0 0 0 0 0 0 0 5 3 0 8 9 5 0 0 4 3 0 0 1 3 0 4 6 0 0 2 0 0	0.467361111111
0 0 9 0 0 0 7 8 0 0 0 0 7 0 1 3 0 0 0 3 0 2 8 9 0 0 4 0 8 0 0 0 0 0 0 7 9 2 0 5 0 7 0 3 6 5 0 0 0 0 0 0 2 0 4 0 0 6 2 8 0 7 0 0 0 8 3 0 4 0 0 0 0 9 3 0 0 0 6 0 0	0.484256559767
0 0 0 0 0 4 8 7 0 0 7 0 6 2 0 1 5 0 0 2 0 7 0 0 9 0 6 0 6 0 9 3 0 0 4 1 1 0 0 2 0 7 0 0 5 2 3 0 0 6 1 0 9 0 6 0 7 0 0 2 0 1 0 0 8 1 0 7 6 0 2 0 0 5 2 1 0 0 0 0 0	0.536046511628
9 1 6 0 0 4 0 7 2 8 0 0 6 2 0 0 5 0 5 0 0 0 0 8 9 3 0 0 6 0 0 0 0 2 0 0 0 0 0 2 0 7 0 0 0 0 0 5 0 0 0 0 9 0 0 9 7 8 0 0 0 0 3 0 8 0 0 7 6 0 0 9 4 5 0 1 0 0 6 8 7	0.459878419453
0 0 0 9 0 0 0 8 2 0 6 3 0 0 1 4 0 9 9 0 8 0 0 0 0 0 0 0 0 0 6 7 0 3 0 0 0 4 6 0 5 0 2 9 0 0 0 7 0 2 3 0 0 0 0 0 0 0 0 0 7 0 1 7 0 4 3 0 0 6 2 0 6 3 0 0 0 7 0 0 0	0.506380952381
0 3 5 6 7 0 0 0 0 4 0 0 8 2 9 5 0 0 0 8 0 0 0 3 0 6 0 0 2 0 0 0 5 8 0 7 8 0 0 2 0 6 0 0 5 3 0 1 7 0 0 0 2 0 0 4 0 9 0 0 0 7 0 0 0 2 4 8 7 0 0 6 0 0 0 0 5 2 4 9 0	0.482592592593
0 3 0 0 7 0 9 0 2 4 7 0 0 0 9 0 0 0 0 0 9 0 0 3 0 6 0 0 2 4 0 0 0 8 3 7 0 0 7 0 0 0 1 0 0 3 5 1 0 0 0 6 2 0 0 4 0 9 0 0 2 0 0 0 0 0 4 0 0 0 5 6 7 0 8 0 5 0 0 9 0	0.598639455782
0 8 4 2 0 0 0 0 0 9 3 0 8 4 0 0 0 0 0 5 7 0 0 0 0 0 0 6 0 0 4 0 1 7 0 0 4 0 0 0 7 0 0 0 2 0 0 5 6 0 2 0 0 9 0 0 0 0 0 0 9 8 0 0 0 0 0 2 8 0 4 7 0 0 0 0 0 3 2 1 0	0.560210622711
0 0 7 8 6 1 0 0 0 0 0 8 0 0 3 0 0 0 5 6 0 0 9 0 0 1 0 1 0 0 0 7 0 0 8 5 0 0 0 3 4 5 0 0 0 6 3 0 0 1 0 0 0 7 0 5 0 0 2 0 0 9 8 0 0 0 6 0 0 5 0 0 0 0 0 5 3 7 1 0 0	0.595333333333
0 4 0 0 0 1 0 0 3 0 0 0 0 5 0 0 7 9 5 6 0 0 0 2 8 0 4 1 0 0 2 7 0 0 8 0 0 8 2 0 0 0 9 6 0 0 3 0 0 1 8 0 0 7 3 0 6 1 0 0 0 9 8 4 7 0 0 8 0 0 0 0 8 0 0 5 0 0 0 4 0	0.46443768997
0 0 0 5 0 0 0 0 6 0 0 0 8 7 0 3 0 2 2 7 0 3 0 0 0 8 1 0 0 0 0 3 4 9 0 0 7 9 3 0 5 0 6 1 4 0 0 8 7 9 0 0 0 0 9 2 0 0 0 3 0 5 7 5 0 6 0 8 7 0 0 0 3 0 0 0 0 5 0 0 0	0.597826086957
0 0 0 9 0 0 0 6 7 0 9 0 0 0 0 2 0 8 4 6 0 0 7 8 0 0 0 3 2 0 0 9 4 0 7 0 7 0 0 6 0 3 0 0 2 0 1 0 7 8 0 0 4 3 0 0 0 8 5 0 0 1 6 5 0 1 0 0 0 0 9 0 6 7 0 0 0 9 0 0 0	0.478723404255
0 2 4 0 0 0 0 1 7 0 0 0 3 0 1 0 0 0 3 0 0 0 0 0 9 6 5 2 0 1 0 0 0 6 5 0 0 0 0 6 3 7 0 0 0 0 9 3 0 0 0 7 0 8 5 3 9 0 0 0 0 0 1 0 0 0 5 0 2 0 0 0 8 4 0 0 0 0 5 7 0	0.526333333333
2 0 0 0 0 6 1 4 3 0 0 4 0 0 0 6 0 0 6 0 7 0 0 8 0 2 9 1 0 0 8 0 0 2 0 0 0 0 3 0 9 0 8 0 0 0 0 5 0 0 3 0 0 1 8 3 0 5 0 0 9 0 2 0 0 6 0 0 0 4 0 0 9 4 2 6 0 0 0 0 5	0.498363095238
5 0 4 0 0 2 0 3 0 9 0 0 0 7 3 0 0 8 6 7 0 0 0 0 0 2 0 0 0 0 0 3 0 7 8 0 0 0 5 7 0 9 2 0 0 0 4 7 0 6 0 0 0 0 0 5 0 0 0 0 0 1 4 1 0 0 4 5 0 0 0 9 0 6 0 3 0 0 5 0 2	0.472789115646
5 8 0 0 0 0 6 3 7 0 0 0 0 0 0 0 0 0 6 0 3 5 4 0 0 0 0 0 9 0 1 0 4 7 0 5 0 1 0 7 0 9 0 4 0 8 0 7 2 0 5 0 9 0 0 0 0 0 2 6 3 0 4 0 0 0 0 0 0 0 0 0 4 6 8 0 0 0 0 7 2	0.569144800777
0 0 0 0 1 0 0 0 0 9 0 0 0 0 3 4 0 8 6 7 0 5 0 0 0 2 1 0 0 0 1 3 0 7 8 0 0 1 5 0 0 0 2 4 0 0 4 7 0 6 5 0 0 0 7 5 0 0 0 6 0 1 4 1 0 2 4 0 0 0 0 9 0 0 0 0 9 0 0 0 0	0.47619047619
7 8 0 3 0 0 0 5 0 9 5 6 0 0 0 0 0 0 0 0 2 0 6 5 0 0 1 0 0 3 4 0 0 5 7 0 6 0 0 0 0 0 0 0 3 0 2 5 0 0 8 1 0 0 2 0 0 5 9 0 8 0 0 0 0 0 0 0 0 4 1 7 0 3 0 0 0 4 0 2 5	0.480612244898
2 0 0 3 6 7 5 0 0 5 0 0 8 0 0 0 6 0 3 0 0 4 5 0 7 0 0 0 9 0 5 3 0 4 0 0 0 8 0 0 0 0 0 7 0 0 0 3 0 7 4 0 5 0 0 0 1 0 2 6 0 0 5 0 3 0 0 0 5 0 0 7 0 0 2 7 8 3 0 0 1	0.59804964539
8 0 1 0 5 6 2 0 0 0 0 0 0 0 2 3 8 1 9 0 0 0 0 3 0 0 0 3 5 0 4 7 0 0 0 0 0 0 8 0 0 0 1 0 0 0 0 0 0 6 8 0 3 7 0 0 0 6 0 0 0 0 2 6 8 7 1 0 0 0 0 0 0 0 4 5 3 0 8 0 6	0.517735665695
3 0 0 0 0 4 0 0 5 8 4 1 7 5 3 0 6 0 0 0 0 0 1 0 0 0 0 0 0 3 0 0 0 0 8 7 0 9 8 1 0 7 5 4 0 7 5 0 0 0 0 1 0 0 0 0 0 0 7 0 0 0 0 0 3 0 2 8 1 7 9 6 2 0 0 3 0 0 0 0 8	0.562765957447
0 0 0 0 6 4 8 1 0 0 4 0 0 5 0 0 6 2 0 0 9 0 1 0 3 0 0 0 0 3 0 4 0 6 0 7 0 0 8 1 0 7 5 0 0 7 0 4 0 3 0 1 0 0 0 0 6 0 7 0 2 0 0 4 3 0 0 8 0 0 9 0 0 1 7 3 9 0 0 0 0	0.450354609929
0 0 0 0 4 0 3 2 0 0 0 0 3 5 7 0 8 0 0 0 0 6 0 0 4 0 0 3 5 7 0 0 6 0 4 0 6 0 0 7 0 5 0 0 3 0 8 0 9 0 0 6 7 5 0 0 8 0 0 9 0 0 0 0 9 0 5 8 1 0 0 0 0 6 4 0 7 0 0 0 0	0.459135082604
9 0 5 0 4 0 0 2 6 0 2 6 0 5 0 9 0 0 0 3 0 6 0 0 0 5 0 3 5 0 0 0 0 0 0 9 0 0 9 0 2 0 8 0 0 1 0 0 0 0 0 0 7 5 0 1 0 0 0 9 0 3 0 0 0 3 0 8 0 7 6 0 5 6 0 0 7 0 1 0 8	0.450396825397
0 1 0 4 0 3 0 6 0 0 3 0 0 1 7 4 0 0 2 0 0 0 0 0 3 0 0 0 7 0 0 8 0 0 0 4 0 9 2 3 5 4 7 8 0 5 0 0 0 7 0 0 3 0 0 0 3 0 0 0 0 0 5 0 0 8 5 3 0 0 4 0 0 5 0 9 0 6 0 2 0	0.577058531746
6 0 5 9 0 0 1 0 0 0 0 0 1 0 0 0 7 3 0 7 1 3 0 0 0 0 5 0 0 9 0 1 0 0 0 4 0 4 6 2 9 3 5 1 0 7 0 0 0 4 0 6 0 0 2 0 0 0 0 1 7 3 0 1 6 0 0 0 2 0 0 0 0 0 8 0 0 9 4 0 1	0.467391304348
0 4 9 0 6 0 0 0 2 8 0 0 2 1 0 4 9 0 1 0 0 0 4 0 0 0 0 0 0 0 0 3 5 0 8 4 0 0 8 1 0 2 3 0 0 6 3 0 4 7 0 0 0 0 0 0 0 0 8 0 0 0 1 0 8 4 0 5 1 0 0 6 7 0 0 0 2 0 9 5 0	0.573530901722
0 6 7 0 2 0 3 0 0 0 0 3 7 0 0 0 0 0 9 2 0 1 0 3 0 0 0 4 0 2 0 3 5 0 6 0 3 0 0 0 0 0 0 0 2 0 1 0 2 4 0 9 0 3 0 0 0 5 0 8 0 3 9 0 0 0 0 0 9 2 0 0 0 0 8 0 1 0 7 5 0	0.509523809524
0 5 0 8 4 2 0 0 1 0 0 4 0 0 0 9 0 0 8 0 0 0 5 0 0 4 0 6 0 0 4 0 0 0 1 9 0 0 7 5 0 6 8 0 0 4 3 0 0 0 9 0 0 2 0 8 0 0 9 0 0 0 6 0 0 1 0 0 0 4 0 0 5 0 0 6 8 1 0 9 0	0.467346938776
