0 0 4 1 0 0 3 0 0 0 7 0 0 0 8 0 0 1 0 0 0 0 0 0 7 0 9 8 0 3 0 5 9 0 0 2 0 0 9 6 0 1 5 0 0 1 0 0 8 2 0 9 0 4 6 0 1 0 0 0 0 0 0 4 0 0 3 0 0 0 9 0 0 0 8 0 0 4 2 0 0	0.954248366013
6 0 0 2 0 0 0 0 4 2 0 8 4 5 1 6 0 0 3 0 0 0 8 0 0 1 0 1 0 0 8 6 0 3 0 0 0 0 9 0 0 0 1 0 0 0 0 6 0 1 3 0 0 8 0 1 0 0 7 0 0 0 2 0 0 2 1 4 8 5 0 3 5 0 0 0 0 2 0 0 1	0.780141843972
0 0 9 5 4 6 0 8 0 0 0 8 0 0 0 5 0 7 2 5 0 0 0 0 0 0 0 0 4 0 6 3 0 0 0 8 0 0 0 1 0 8 0 0 0 5 0 0 0 2 4 0 1 0 0 0 0 0 0 0 0 2 6 8 0 5 0 0 0 3 0 0 0 3 0 2 8 9 7 0 0	0.882352941176
0 1 0 7 6 0 9 0 0 0 0 7 0 0 3 0 2 0 6 8 0 0 2 0 0 0 0 0 2 0 8 0 5 0 0 9 8 0 5 0 0 0 2 0 1 9 0 0 2 0 1 0 4 0 0 0 0 0 8 0 0 9 2 0 4 0 9 0 0 7 0 0 0 0 9 0 4 2 0 8 0	0.784013605442
9 4 0 1 0 7 0 0 8 0 0 0 0 0 3 5 0 0 0 6 0 4 8 0 0 1 0 5 0 0 8 7 0 3 0 0 0 7 0 0 0 0 0 6 0 0 0 8 0 4 9 0 0 7 0 5 0 0 3 4 0 8 0 0 0 7 5 0 0 0 0 0 3 0 0 7 0 8 0 9 5	0.843537414966
2 0 0 3 0 1 0 4 5 0 0 0 0 0 6 0 0 2 0 5 3 0 9 0 0 0 0 9 8 0 0 0 0 7 0 3 1 0 7 0 0 0 4 0 9 3 0 5 0 0 0 0 8 6 0 0 0 0 2 0 9 6 0 4 0 0 1 0 0 0 0 0 7 9 0 6 0 5 0 0 4	0.787414965986
0 0 3 0 0 0 1 0 0 6 8 0 0 1 3 0 0 0 9 1 0 4 0 0 0 3 0 2 6 0 0 5 1 7 0 3 0 0 1 0 0 0 2 0 0 8 0 9 6 7 0 0 1 5 0 2 0 0 0 9 0 8 4 0 0 0 2 8 0 0 7 1 0 0 8 0 0 0 6 0 0	0.780141843972
9 0 0 3 0 0 0 0 6 0 8 0 0 0 0 0 0 7 0 0 5 2 0 8 9 0 0 0 0 8 0 0 4 0 7 3 0 9 0 0 0 0 0 4 0 7 6 0 1 0 0 2 0 0 0 0 7 8 0 1 4 0 0 1 0 0 0 0 0 0 5 0 8 0 0 0 0 9 0 0 1	0.924528301887
8 4 6 1 0 0 0 3 0 0 5 0 0 0 2 1 0 0 0 0 0 9 4 0 0 0 0 6 1 5 0 0 0 0 4 0 0 0 3 0 0 0 6 0 0 0 8 0 0 0 0 7 1 2 0 0 0 0 2 8 0 0 0 0 0 2 3 0 0 0 6 0 0 3 0 0 0 1 4 2 7	0.862745098039
0 0 9 1 0 8 0 4 0 0 4 0 6 0 5 7 0 8 0 0 0 0 0 0 0 1 0 8 0 0 3 0 0 0 7 0 1 0 5 7 0 2 4 0 9 0 9 0 0 0 1 0 0 2 0 6 0 0 0 0 0 0 0 9 0 3 8 0 4 0 2 0 0 5 0 2 0 6 1 0 0	0.826530612245
0 1 4 0 6 0 3 0 0 6 2 0 0 0 4 0 0 9 0 8 0 0 5 0 6 0 0 0 6 0 2 0 0 0 0 3 0 7 0 0 1 0 0 5 0 5 0 0 0 0 9 0 6 0 0 0 6 0 2 0 0 3 0 1 0 0 5 0 0 0 9 2 0 0 7 0 9 0 4 1 0	0.83
8 0 0 1 0 3 0 5 0 3 1 0 4 0 0 8 0 0 0 0 5 0 0 0 0 0 0 0 9 0 2 0 0 0 0 5 0 5 8 7 0 9 3 6 0 4 0 0 0 0 5 0 8 0 0 0 0 0 0 0 2 0 0 0 0 2 0 0 1 0 3 7 0 3 0 8 0 2 0 0 1	0.921568627451
6 0 4 1 2 0 0 0 0 0 2 0 0 0 5 0 0 0 7 0 1 3 6 0 0 4 0 9 0 6 0 0 0 4 0 0 8 0 0 2 0 4 0 0 6 0 0 2 0 0 0 7 0 8 0 9 0 0 1 3 5 0 4 0 0 0 7 0 0 0 3 0 0 0 0 0 9 2 1 0 7	0.771914480078
0 8 0 0 0 7 0 9 5 3 2 0 0 8 5 0 0 0 7 5 0 3 6 0 0 0 0 0 0 6 0 0 0 4 0 3 0 0 3 0 0 0 9 0 0 5 0 2 0 0 0 7 0 0 0 0 0 0 1 3 0 8 4 0 0 0 7 4 0 0 3 9 4 3 0 5 0 0 0 6 0	0.768707482993
0 0 0 0 6 0 0 3 0 0 9 6 0 0 5 0 0 4 0 0 0 7 0 1 0 6 0 0 1 0 0 0 3 0 9 5 0 4 9 0 1 0 7 2 0 7 3 0 5 0 0 0 1 0 0 6 0 9 0 7 0 0 0 4 0 0 8 0 0 9 5 0 0 2 0 0 5 0 0 0 0	0.756666666667
6 0 0 0 0 8 0 3 0 0 3 0 6 0 0 5 9 0 4 0 0 0 0 5 8 0 1 0 0 4 0 0 3 0 7 9 9 0 0 0 0 0 0 0 5 3 1 0 5 0 0 6 0 0 1 0 3 8 0 0 0 0 6 0 4 9 0 0 6 0 8 0 0 6 0 9 0 0 0 0 3	0.84693877551
2 0 0 8 0 1 0 5 0 0 0 0 0 9 0 7 0 0 0 0 5 0 0 2 0 0 8 6 9 0 0 0 4 5 2 0 0 4 2 0 0 0 3 8 0 0 5 8 2 0 0 0 4 6 5 0 0 1 0 0 8 0 0 0 0 7 0 2 0 0 0 0 0 1 0 9 0 3 0 0 4	0.775510204082
0 0 0 0 0 8 0 0 2 2 0 8 3 0 0 1 0 0 0 7 3 0 1 0 8 0 0 0 0 0 0 0 1 3 4 5 0 0 0 9 3 5 0 0 0 5 3 1 7 0 0 0 0 0 0 0 9 0 6 0 2 7 0 0 0 6 0 0 7 4 0 9 7 0 0 2 0 0 0 0 0	0.878333333333
0 8 0 0 0 2 7 0 0 5 0 3 7 0 0 4 0 0 0 6 7 0 5 0 0 0 3 6 9 0 0 7 4 0 0 5 0 0 5 0 0 0 1 0 0 2 0 0 9 1 0 0 7 4 3 0 0 0 2 0 8 6 0 0 0 2 0 0 6 5 0 7 0 0 6 5 0 0 0 3 0	0.765957446809
0 0 0 0 0 5 0 7 0 2 0 0 3 0 9 5 0 1 1 5 0 0 2 0 0 0 9 0 0 8 0 6 3 0 5 2 3 6 0 0 0 0 0 1 8 4 2 0 1 5 0 6 0 0 5 0 0 0 3 0 0 2 6 8 0 1 2 0 6 0 0 5 0 9 0 5 0 0 0 0 0	0.807407407407
0 3 0 0 0 4 2 0 5 0 0 1 7 0 0 0 4 0 8 0 0 5 0 0 0 0 6 5 4 9 0 0 0 0 2 0 0 0 0 0 0 0 0 0 0 0 8 0 0 0 0 9 7 4 3 0 0 0 0 2 0 0 7 0 6 0 0 0 5 4 0 0 4 0 8 1 0 0 0 9 0	0.842767295597
0 0 0 3 0 1 9 2 0 1 0 0 2 0 0 0 0 0 0 0 4 0 6 0 0 0 1 0 7 0 4 0 3 0 8 0 4 9 0 1 0 7 0 6 3 0 5 0 6 0 8 0 9 0 7 0 0 0 3 0 5 0 0 0 0 0 0 0 2 0 0 6 0 4 5 7 0 6 0 0 0	0.785714285714
7 0 0 0 0 0 4 0 2 0 1 0 0 0 7 0 0 0 2 4 0 0 9 0 0 7 0 5 0 1 8 0 0 0 0 0 0 0 6 0 7 0 2 0 0 0 0 0 0 0 6 8 0 3 0 5 0 0 8 0 0 2 1 0 0 0 9 0 0 0 6 0 3 0 8 0 0 0 0 0 5	0.80610670194
0 1 0 0 4 6 0 0 0 6 0 0 3 0 0 0 0 0 3 4 8 7 2 0 0 6 9 0 0 1 0 0 0 0 8 0 4 0 7 0 0 0 3 0 5 0 6 0 0 0 0 7 0 0 7 3 0 0 8 2 9 1 4 0 0 0 0 0 7 0 0 8 0 0 0 4 1 0 0 7 0	0.756802721088
0 0 0 6 0 0 0 0 9 0 0 0 0 2 9 8 0 0 9 0 5 0 7 0 0 6 3 0 9 6 1 0 0 0 0 2 0 5 2 0 9 0 1 7 0 3 0 0 0 0 2 5 9 0 2 6 0 0 1 0 9 0 4 0 0 8 9 3 0 0 0 0 1 0 0 0 0 6 0 0 0	0.826388888889
8 0 0 0 9 6 0 0 2 2 0 0 0 0 8 1 6 0 0 0 0 2 0 0 4 0 0 0 0 8 0 6 1 0 3 0 7 0 0 0 0 0 0 0 1 0 3 0 7 5 0 6 0 0 0 0 9 0 0 5 0 0 0 0 7 1 6 0 0 0 0 3 4 0 0 9 7 0 0 0 6	0.843137254902
4 0 0 8 6 0 1 0 0 0 0 0 0 0 7 0 0 5 0 0 0 9 0 0 8 0 7 0 5 7 4 0 0 2 0 1 0 0 1 0 5 0 6 0 0 6 0 2 0 0 1 5 7 0 9 0 4 0 0 3 0 0 0 7 0 0 1 0 0 0 0 0 0 0 3 0 7 9 0 0 8	0.826666666667
2 0 9 7 0 6 0 0 5 0 4 0 5 0 0 0 0 0 0 5 0 9 0 0 1 0 0 4 6 0 0 0 0 0 0 1 0 8 5 0 0 0 2 3 0 9 0 0 0 0 0 0 8 6 0 0 2 0 0 9 0 1 0 0 0 0 0 0 2 0 6 0 6 0 0 8 0 1 5 0 2	0.882352941176
5 0 0 1 7 0 0 8 0 3 1 9 0 5 0 4 0 0 0 0 0 3 0 0 0 1 5 2 0 0 0 8 0 0 0 0 4 0 0 7 0 5 0 0 9 0 0 0 0 9 0 0 0 4 6 5 0 0 0 2 0 0 0 0 0 2 0 6 0 5 4 8 0 4 0 0 3 7 0 0 2	0.755782312925
0 9 6 0 0 0 0 0 3 5 0 2 0 0 0 0 8 9 0 0 8 7 0 0 0 0 0 0 1 0 9 3 0 0 0 6 0 0 0 6 5 2 0 0 0 3 0 0 0 1 7 0 2 0 0 0 0 0 0 9 4 0 0 6 5 0 0 0 0 2 0 8 8 0 0 0 0 0 3 9 0	0.753846153846
0 9 0 0 0 7 0 8 3 0 0 0 4 0 0 5 0 0 5 0 0 0 1 3 0 9 6 0 0 5 7 3 1 0 2 0 0 0 9 0 0 0 7 0 0 0 7 0 9 6 5 8 0 0 4 5 0 1 7 0 0 0 2 0 0 1 0 0 2 0 0 0 7 2 0 3 0 0 0 5 0	0.936170212766
0 2 0 0 0 0 0 0 0 9 0 0 3 0 0 0 0 0 5 6 0 1 9 0 7 0 8 7 0 0 2 3 0 0 1 0 4 0 0 7 0 8 0 0 9 0 5 0 0 4 1 0 0 7 8 0 7 0 1 3 0 6 2 0 0 0 0 0 4 0 0 5 0 0 0 0 0 0 0 4 0	0.767973856209
0 0 0 0 0 0 0 7 1 0 0 0 5 6 0 3 4 8 0 0 8 0 3 0 6 5 0 0 6 0 0 0 4 0 0 3 0 8 2 0 0 0 1 6 0 3 0 0 6 0 0 0 2 0 0 4 3 0 9 0 2 0 0 1 9 7 0 2 6 0 0 0 8 2 0 0 0 0 0 0 0	0.918367346939
4 6 7 9 0 5 0 2 0 0 0 0 0 0 0 0 0 0 0 0 8 4 1 0 6 0 9 8 0 0 5 9 0 0 6 0 0 0 2 0 0 0 9 0 0 0 7 0 0 2 8 0 0 5 2 0 6 0 5 1 4 0 0 0 0 0 0 0 0 0 0 0 0 4 0 8 0 2 5 1 7	0.760204081633
5 0 6 1 0 0 3 0 9 0 0 8 0 0 0 0 6 4 0 0 0 0 0 0 1 2 0 7 0 0 8 2 0 5 3 0 0 0 2 7 0 5 8 0 0 0 8 5 0 1 6 0 0 2 0 2 7 0 0 0 0 0 0 8 5 0 0 0 0 6 0 0 6 0 9 0 0 7 2 0 8	0.831560283688
0 0 3 5 0 8 0 4 2 0 4 0 0 0 0 6 0 0 2 0 0 3 0 4 9 0 0 0 2 0 0 0 0 3 0 9 0 0 4 0 7 0 2 0 0 1 0 8 0 0 0 0 6 0 0 0 5 6 0 9 0 0 7 0 0 2 0 0 0 0 9 0 7 8 0 2 0 1 5 0 0	0.861666666667
6 0 0 0 0 0 0 9 1 0 0 9 0 3 1 8 0 0 0 0 0 5 0 0 0 0 3 0 0 0 0 0 2 6 7 5 0 0 0 0 1 0 0 0 0 8 7 6 4 0 0 0 0 0 4 0 0 0 0 5 0 0 0 0 0 7 3 8 0 2 0 0 2 6 0 0 0 0 0 0 9	0.797222222222
2 0 0 3 1 7 0 0 0 0 0 0 0 0 5 0 4 0 0 3 8 4 6 0 7 0 0 0 9 2 0 0 0 8 5 4 8 0 0 0 0 0 0 0 7 5 6 7 0 0 0 3 9 0 0 0 9 0 4 1 5 3 0 0 8 0 5 0 0 0 0 0 0 0 0 7 3 8 0 0 9	0.776595744681
6 0 1 0 2 0 0 8 0 0 4 0 0 0 0 0 0 0 8 3 7 1 0 0 0 0 5 9 0 0 7 3 2 0 0 8 0 2 0 0 0 0 0 7 0 7 0 0 5 8 4 0 0 9 4 0 0 0 0 3 9 6 1 0 0 0 0 0 0 0 5 0 0 7 0 0 9 0 8 0 3	0.816326530612
0 0 2 0 0 8 0 0 0 9 0 7 0 4 0 0 0 0 0 6 0 0 1 2 0 0 0 7 9 0 8 2 0 0 5 0 0 0 8 3 7 6 4 0 0 0 2 0 0 9 1 0 7 6 0 0 0 1 3 0 0 4 0 0 0 0 0 6 0 7 0 8 0 0 0 2 0 0 9 0 0	0.84
0 0 4 0 0 7 8 0 0 0 0 0 0 5 0 4 7 0 0 2 0 0 3 0 0 9 5 0 8 0 7 0 0 3 0 0 6 4 9 5 0 3 7 2 8 0 0 7 0 0 8 0 1 0 4 7 0 0 8 0 0 6 0 0 1 6 0 4 0 0 0 0 0 0 5 2 0 0 1 0 0	0.840425531915
8 3 0 0 0 0 0 0 0 0 0 1 0 8 0 2 0 9 0 2 4 0 1 7 0 0 0 0 9 2 0 5 3 0 0 6 0 0 5 0 9 0 8 0 0 3 0 0 4 6 0 5 9 0 0 0 0 5 7 0 3 6 0 7 0 3 0 4 0 9 0 0 0 0 0 0 0 0 0 7 8	0.817708333333
2 0 0 0 0 0 5 7 0 0 0 0 1 7 0 2 0 6 0 0 0 2 0 0 0 0 8 5 3 6 0 0 2 0 8 7 1 0 0 7 0 6 0 0 3 7 4 0 3 0 0 6 9 2 6 0 0 0 0 4 0 0 0 4 0 2 0 1 8 0 0 0 0 1 5 0 0 0 0 0 4	0.751773049645
0 0 0 7 9 0 0 5 0 0 0 9 0 1 2 0 4 0 0 3 0 8 0 0 0 0 0 7 0 0 0 4 0 8 0 2 0 1 3 0 0 0 4 7 0 9 0 8 0 7 0 0 0 6 0 0 0 0 0 7 0 2 0 0 2 0 4 8 0 7 0 0 0 9 0 0 2 1 0 0 0	0.823529411765
3 1 5 0 0 0 0 6 0 9 0 0 0 0 0 0 0 0 0 6 2 3 0 1 0 0 8 1 0 0 5 0 6 0 9 0 0 0 4 2 0 9 7 0 0 0 3 0 4 0 7 0 0 6 7 0 0 8 0 4 6 5 0 0 0 0 0 0 0 0 0 7 0 4 0 0 0 0 2 3 9	0.816326530612
7 0 0 0 0 8 0 0 1 0 2 8 0 0 9 3 6 5 0 1 0 0 6 2 0 8 0 0 0 2 0 3 0 0 9 0 0 0 0 0 0 0 0 0 0 0 5 0 0 8 0 6 0 0 0 8 0 7 2 0 0 4 0 2 3 7 4 0 0 8 1 0 5 0 0 8 0 0 0 0 3	0.802721088435
8 0 6 4 0 0 5 0 0 0 0 0 0 0 3 4 6 2 0 0 0 0 0 0 0 0 1 7 0 0 3 1 0 0 0 9 0 0 0 8 0 9 0 0 0 9 0 0 0 5 2 0 0 3 6 0 0 0 0 0 0 0 0 3 8 4 9 0 0 0 0 0 0 0 1 0 0 6 7 0 8	0.899371069182
0 1 0 0 0 3 0 5 0 3 0 0 0 0 5 0 0 2 0 0 0 8 0 0 0 1 0 7 0 8 0 3 0 1 2 0 2 9 0 0 0 0 0 7 3 0 3 6 0 2 0 4 0 5 0 7 0 0 0 2 0 0 0 6 0 0 4 0 0 0 0 7 0 2 0 9 0 0 0 6 0	0.810784313725
9 0 3 0 0 0 4 5 0 2 0 4 0 3 0 7 1 9 0 1 0 5 0 0 0 0 0 5 2 0 4 8 0 1 0 0 0 0 1 0 0 0 6 0 0 0 0 9 0 1 7 0 4 5 0 0 0 0 0 4 0 2 0 6 9 8 0 2 0 5 0 4 0 7 2 0 0 0 9 0 1	0.796296296296
0 0 5 0 6 0 2 0 7 0 0 7 0 0 2 0 0 0 2 0 0 7 0 3 0 0 4 8 0 9 0 0 0 0 0 6 3 0 0 9 4 6 0 0 8 5 0 0 0 0 0 1 0 3 4 0 0 6 0 8 0 0 5 0 0 0 1 0 0 6 0 0 6 0 8 0 7 0 4 0 0	0.791666666667
0 0 4 6 0 0 0 2 0 0 0 0 7 0 0 1 0 0 6 0 0 0 0 1 9 0 0 2 0 0 0 0 9 8 0 0 4 7 5 0 0 0 3 9 1 0 0 9 1 0 0 0 0 6 0 0 3 4 0 0 0 0 9 0 0 6 0 0 5 0 0 0 0 9 0 0 0 7 4 0 0	0.798742138365
3 1 0 0 0 0 0 2 0 9 0 0 7 2 0 0 0 4 0 2 7 0 0 0 0 0 0 0 0 1 3 7 0 8 0 5 0 7 0 2 8 6 0 9 0 8 0 9 0 5 4 2 0 0 0 0 0 0 0 0 6 5 0 1 0 0 0 3 5 0 0 2 0 9 0 0 0 0 0 1 3	0.84375
2 0 0 4 0 6 0 7 0 0 0 4 0 0 2 0 0 0 1 5 0 9 7 0 0 0 0 0 3 0 0 6 0 4 0 0 7 0 1 0 4 0 9 0 3 0 0 8 0 9 0 0 1 0 0 0 0 0 5 4 0 2 9 0 0 0 7 0 0 8 0 0 0 2 0 6 0 9 0 0 1	0.811666666667
4 0 0 0 0 0 0 0 2 6 0 0 7 2 0 0 0 0 0 0 0 1 9 0 4 5 0 8 0 0 0 4 0 3 0 9 0 0 3 0 0 0 8 0 0 9 0 6 0 3 0 0 0 7 0 7 9 0 8 2 0 0 0 0 0 0 0 7 5 0 0 3 2 0 0 0 0 0 0 0 8	0.915094339623
0 1 0 3 0 0 0 7 8 0 9 8 0 5 0 0 0 0 3 7 0 0 8 6 5 0 0 7 5 0 0 0 0 0 0 0 0 0 1 6 4 5 9 0 0 0 0 0 0 0 0 0 5 1 0 0 9 8 6 0 0 2 5 0 0 0 0 2 0 8 4 0 2 8 0 0 0 4 0 9 0	0.772222222222
0 0 9 3 0 0 0 0 0 1 0 0 0 0 4 5 6 3 4 0 3 0 0 6 0 0 1 7 0 0 4 0 5 0 1 0 0 0 1 0 0 0 2 0 0 0 6 0 1 0 2 0 0 7 8 0 0 5 0 0 3 0 6 3 9 6 8 0 0 0 0 2 0 0 0 0 0 3 8 0 0	0.841836734694
0 2 0 6 0 0 0 0 0 0 0 3 9 2 0 6 0 0 0 5 0 0 0 0 0 8 2 0 9 1 0 6 7 0 0 0 7 0 0 3 0 1 0 0 5 0 0 0 5 4 0 7 1 0 8 1 0 0 0 0 0 7 0 0 0 2 0 1 5 9 0 0 0 0 0 0 0 6 0 2 0	0.852941176471
0 0 0 0 0 9 0 4 0 0 6 0 0 0 1 7 0 0 0 0 0 7 4 0 0 0 2 0 9 5 6 1 0 0 0 3 0 7 6 0 8 0 2 1 0 1 0 0 0 7 5 9 6 0 5 0 0 0 3 6 0 0 0 0 0 9 1 0 0 0 5 0 0 8 0 5 0 0 0 0 0	0.786666666667
4 0 0 0 0 3 0 0 1 0 8 0 5 0 4 6 0 0 0 0 3 0 1 0 0 0 0 8 1 5 0 0 0 0 9 0 0 4 7 0 3 0 1 6 0 0 6 0 0 0 0 8 2 4 0 0 0 0 9 0 3 0 0 0 0 4 7 0 2 0 1 0 5 0 0 3 0 0 0 0 2	0.8
0 0 0 0 4 0 8 1 0 8 1 0 0 0 7 0 0 0 0 0 3 0 0 8 2 7 0 0 9 4 0 2 0 0 6 0 0 0 0 0 7 0 0 0 0 0 6 0 0 8 0 3 4 0 0 3 1 7 0 0 4 0 0 0 0 0 5 0 0 0 2 7 0 7 9 0 6 0 0 0 0	0.812820512821
5 0 0 0 0 6 8 0 4 0 0 0 0 9 0 6 0 0 0 0 0 8 0 5 0 3 0 0 3 9 0 5 2 1 0 6 0 7 0 0 0 0 0 4 0 4 0 5 6 7 0 3 8 0 0 5 0 9 0 3 0 0 0 0 0 1 0 4 0 0 0 0 2 0 3 5 0 0 0 0 8	0.816326530612
0 0 0 6 0 0 0 5 1 3 0 0 0 0 2 0 0 6 6 0 0 0 3 0 0 8 9 0 0 4 0 2 0 6 0 0 0 3 0 4 1 8 0 2 0 0 0 8 0 7 0 1 0 0 5 9 0 0 6 0 0 0 3 8 0 0 3 0 0 0 0 2 4 1 0 0 0 9 0 0 0	0.773333333333
0 0 4 0 0 0 9 2 1 0 0 1 9 0 4 0 6 0 6 0 0 0 1 0 0 0 0 0 0 7 1 9 0 0 0 0 1 0 0 3 0 7 0 0 5 0 0 0 0 5 8 7 0 0 0 0 0 0 4 0 0 0 3 0 3 0 2 0 5 1 0 0 7 1 8 0 0 0 4 0 0	0.843137254902
5 0 0 3 0 0 0 9 0 0 0 0 0 0 0 0 5 8 0 6 0 9 0 4 3 0 7 0 0 0 4 9 0 0 8 1 0 0 4 0 2 0 5 0 0 9 1 0 0 7 5 0 0 0 2 0 9 7 0 6 0 3 0 1 4 0 0 0 0 0 0 0 0 3 0 0 0 9 0 0 2	0.803333333333
0 0 0 0 0 0 0 3 0 0 0 1 0 0 5 9 8 0 7 0 9 8 0 0 2 0 0 0 0 0 0 5 3 8 9 0 0 0 3 6 0 2 4 0 0 0 2 7 1 8 0 0 0 0 0 0 2 0 0 7 3 0 8 0 6 4 9 0 0 5 0 0 0 7 0 0 0 0 0 0 0	0.782679738562
0 1 0 4 0 6 3 0 9 0 0 0 0 3 0 8 5 0 0 0 0 0 0 0 0 6 0 0 6 0 5 0 0 7 0 2 2 5 0 6 0 7 0 1 3 4 0 7 0 0 2 0 9 0 0 7 0 0 0 0 0 0 0 0 9 4 0 5 0 0 0 0 6 0 3 9 0 4 0 7 0	0.761904761905
0 2 3 0 1 0 0 5 0 6 4 0 0 9 7 0 1 0 0 7 1 0 0 0 0 0 6 2 0 9 0 8 4 0 0 0 0 0 0 0 0 0 0 0 0 0 0 0 9 7 0 5 0 8 1 0 0 0 0 0 7 4 0 0 8 0 7 4 0 0 6 9 0 9 0 0 2 0 1 8 0	0.884353741497
0 0 0 0 0 0 0 1 0 2 7 0 0 0 1 0 0 5 3 5 0 4 7 0 9 0 0 4 1 0 0 5 0 2 0 8 0 0 0 0 0 0 0 0 0 8 0 5 0 3 0 0 9 4 0 0 8 0 6 3 0 4 1 1 0 0 8 0 0 0 5 9 0 9 0 0 0 0 0 0 0	0.769607843137
0 0 0 8 2 0 0 1 0 0 9 0 3 7 6 0 0 8 8 0 3 0 0 0 9 0 0 2 0 0 0 9 0 4 8 0 9 0 0 6 0 8 0 0 2 0 8 5 0 3 0 0 0 9 0 0 2 0 0 0 6 0 5 5 0 0 4 6 2 0 3 0 0 6 0 0 5 1 0 0 0	0.780141843972
0 0 0 0 3 0 1 5 0 0 0 0 0 7 8 6 0 9 2 9 0 0 0 0 0 0 7 0 0 0 0 6 0 2 0 3 0 1 3 7 2 9 4 8 0 4 0 2 0 8 0 0 0 0 3 0 0 0 0 0 0 6 4 8 0 6 3 9 0 0 0 0 0 7 1 0 4 0 0 0 0	0.885416666667
3 5 0 9 0 0 0 0 8 0 0 0 0 0 0 0 2 0 0 0 0 7 0 1 3 0 4 0 3 0 0 4 0 0 8 2 1 0 5 0 0 0 9 0 7 2 8 0 0 7 0 0 3 0 5 0 6 3 0 2 0 0 0 0 1 0 0 0 0 0 0 0 9 0 0 0 0 6 0 7 5	0.833333333333
0 0 0 0 0 0 0 0 0 0 5 0 0 4 2 3 6 0 3 0 4 6 0 8 1 7 0 8 0 0 0 2 0 0 0 9 0 0 0 8 0 1 0 0 0 4 0 0 0 6 0 0 0 1 0 1 6 2 0 4 9 0 7 0 4 9 5 7 0 0 1 0 0 0 0 0 0 0 0 0 0	0.794117647059
5 3 0 0 4 0 0 0 9 0 0 4 0 1 0 0 3 0 7 0 1 0 0 3 0 0 0 0 0 0 8 0 4 2 0 0 9 0 0 0 0 0 0 0 4 0 0 6 5 0 2 0 0 0 0 0 0 3 0 0 1 0 5 0 8 0 0 7 0 6 0 0 2 0 0 0 8 0 0 4 7	0.864779874214
0 0 0 0 0 5 0 8 0 0 0 0 0 2 0 6 0 9 9 0 0 6 0 4 2 0 5 4 0 0 8 3 0 0 1 0 0 0 7 0 0 0 8 0 0 0 1 0 0 5 7 0 0 3 8 0 3 5 0 9 0 0 6 1 0 9 0 7 0 0 0 0 0 2 0 1 0 0 0 0 0	0.800326797386
0 0 0 1 0 0 0 9 0 0 6 7 9 2 0 0 4 5 0 0 0 0 7 3 2 0 0 0 1 0 0 0 0 4 8 9 0 7 0 0 0 0 0 5 0 4 3 6 0 0 0 0 2 0 0 0 1 7 9 0 0 0 0 7 4 0 0 3 2 9 1 0 0 9 0 0 0 1 0 0 0	0.807823129252
4 0 0 0 0 0 0 9 7 5 0 0 0 4 0 3 0 0 3 7 0 9 0 8 0 0 0 1 0 2 8 9 0 0 0 4 0 4 0 7 0 2 0 8 0 7 0 0 0 1 6 9 0 3 0 0 0 6 0 4 0 5 9 0 0 4 0 7 0 0 0 1 6 5 0 0 0 0 0 0 2	0.797872340426
4 2 1 0 0 0 0 0 0 8 0 0 0 6 1 0 0 0 0 7 0 5 8 0 0 1 0 1 0 0 0 3 0 7 0 5 0 0 2 0 0 0 9 0 0 9 0 7 0 2 0 0 0 1 0 8 0 0 7 6 0 4 0 0 0 0 2 5 0 0 0 6 0 0 0 0 0 0 5 7 3	0.75056022409
0 2 7 5 1 0 0 0 8 5 0 0 0 0 0 7 3 0 0 9 3 0 0 0 0 0 2 0 0 0 6 5 0 8 7 0 0 0 0 4 0 8 0 0 0 0 8 6 0 3 9 0 0 0 8 0 0 0 0 0 3 2 0 0 7 1 0 0 0 0 0 6 3 0 0 0 6 7 9 1 0	0.775510204082
0 8 7 9 0 0 0 0 0 1 0 0 0 0 0 4 0 0 0 0 9 0 3 0 0 7 0 0 0 8 5 4 0 2 0 6 6 2 0 7 0 3 0 5 8 3 0 5 0 2 6 7 0 0 0 3 0 0 8 0 6 0 0 0 0 6 0 0 0 0 0 7 0 0 0 0 0 2 8 4 0	0.768707482993
0 0 5 2 0 6 0 8 3 0 0 8 3 0 0 0 0 0 0 6 0 4 0 8 9 5 0 0 9 0 1 0 0 0 4 5 0 0 7 0 0 0 1 0 0 5 1 0 0 0 2 0 3 0 0 3 9 7 0 4 0 1 0 0 0 0 0 0 1 3 0 0 6 5 0 8 0 9 7 0 0	0.769503546099
0 0 0 3 0 0 0 6 0 4 0 0 0 8 0 7 0 2 0 0 8 0 6 2 0 0 1 3 4 0 0 0 0 6 0 0 0 1 0 4 0 9 0 8 0 0 0 7 0 0 0 0 1 4 2 0 0 6 5 0 1 0 0 5 0 6 0 1 0 0 0 8 0 7 0 0 0 8 0 0 0	0.790849673203
7 0 0 0 2 0 6 0 0 0 0 0 0 0 5 0 4 1 0 3 0 4 0 0 0 8 2 0 2 0 0 5 0 3 7 0 0 0 0 7 0 8 0 0 0 0 1 7 0 4 0 0 5 0 3 8 0 0 0 6 0 2 0 2 7 0 9 0 0 0 0 0 0 0 1 0 7 0 0 0 3	0.771241830065
0 9 0 0 5 3 0 1 0 0 0 0 4 7 6 9 0 0 0 0 0 0 0 0 0 3 6 3 0 0 1 0 0 5 2 4 0 2 4 0 0 0 3 7 0 5 1 7 0 0 4 0 0 8 7 4 0 0 0 0 0 0 0 0 0 2 7 4 5 0 0 0 0 5 0 9 3 0 0 4 0	0.801418439716
0 5 0 8 7 3 0 0 6 3 0 0 0 6 9 0 0 5 0 0 0 0 0 0 3 8 0 0 0 3 0 9 0 0 7 4 5 0 0 2 0 7 0 0 8 9 7 0 0 4 0 2 0 0 0 4 2 0 0 0 0 0 0 7 0 0 3 8 0 0 0 2 1 0 0 7 5 2 0 4 0	0.783687943262
2 0 4 8 0 0 1 5 0 8 5 0 0 0 7 3 0 0 0 0 0 4 0 0 8 0 9 7 0 5 0 8 0 0 0 3 4 8 1 2 0 9 5 7 6 3 0 0 0 7 0 4 0 8 9 0 8 0 0 1 0 0 0 0 0 3 7 0 0 0 8 5 0 7 2 0 0 8 6 0 1	0.780487804878
2 0 7 8 0 0 0 5 3 3 0 0 0 0 9 4 0 0 6 4 0 0 0 0 0 8 0 0 0 0 2 3 0 0 0 0 1 6 0 9 0 7 0 2 8 0 0 0 0 8 6 0 0 0 0 7 0 0 0 0 0 9 4 0 0 8 6 0 0 0 0 7 9 2 0 0 0 8 6 0 5	0.778911564626
0 4 8 0 0 5 0 6 0 0 0 0 8 1 0 2 0 0 2 0 0 7 3 6 0 0 1 6 0 4 2 0 0 0 0 5 0 0 7 0 0 0 3 0 0 8 0 0 0 0 9 1 0 6 4 0 0 1 5 2 0 0 7 0 0 1 0 9 7 0 0 0 0 7 0 4 0 0 5 1 0	0.785460992908
8 0 0 2 0 0 4 1 0 0 4 7 8 0 0 0 0 5 0 0 5 0 0 4 0 9 0 4 0 0 0 0 0 0 7 0 0 0 2 4 0 1 3 0 0 0 7 0 0 0 0 0 0 4 0 2 0 9 0 0 6 0 0 5 0 0 0 0 2 7 4 0 0 1 6 0 0 8 0 0 3	0.84477124183
0 0 2 0 0 6 8 0 0 6 0 0 0 2 0 5 7 0 0 5 3 0 0 7 2 0 0 0 2 0 5 0 0 0 0 3 0 0 6 2 3 1 4 0 0 3 0 0 0 0 8 0 2 0 0 0 8 7 0 0 9 1 0 0 6 7 0 1 0 0 0 4 0 0 4 3 0 0 7 0 0	0.754513888889
8 0 4 0 0 1 9 0 7 0 7 0 0 3 0 1 0 0 0 0 0 9 8 0 0 3 0 4 1 0 6 0 0 8 0 0 0 0 0 0 0 0 0 0 0 0 0 9 0 0 3 0 2 1 0 4 0 0 6 9 0 0 0 0 0 6 0 7 0 0 4 0 2 0 7 8 0 0 3 0 6	0.766013071895
0 0 1 9 0 0 3 0 7 0 0 0 0 7 0 9 6 0 7 0 0 8 0 0 0 2 0 0 0 0 0 5 0 6 4 0 2 0 0 6 0 3 0 0 9 0 3 6 0 1 0 0 0 0 0 7 0 0 0 2 0 0 1 0 2 8 0 9 0 0 0 0 1 0 9 0 0 7 2 0 0	0.763071895425
0 0 0 0 0 1 0 3 4 0 0 8 5 3 0 0 6 0 0 0 0 8 0 0 5 0 2 7 0 0 0 0 0 2 0 0 2 8 0 9 0 3 0 5 6 0 0 6 0 0 0 0 0 9 8 0 5 0 0 6 0 0 0 0 9 0 0 1 5 3 0 0 3 2 0 4 0 0 0 0 0	0.78431372549
0 0 0 3 2 0 0 5 6 0 0 2 7 9 0 8 0 0 0 9 0 0 5 0 0 0 2 0 0 0 0 7 0 0 3 5 0 5 1 0 0 0 7 8 0 7 8 0 0 4 0 0 0 0 8 0 0 0 1 0 0 6 0 0 0 6 0 8 5 3 0 0 9 4 0 0 3 7 0 0 0	0.758503401361
0 0 6 7 0 4 0 2 0 0 5 0 6 0 0 0 0 1 2 0 0 0 0 8 0 0 4 4 0 9 5 0 7 0 0 3 0 0 0 0 0 0 0 0 0 8 0 0 2 0 1 9 0 6 6 0 0 1 0 0 0 0 7 3 0 0 0 0 5 0 6 0 0 2 0 3 0 6 1 0 0	0.882352941176
0 2 8 0 1 4 0 0 0 0 0 7 0 8 5 0 0 6 1 0 0 7 0 0 0 0 0 0 0 9 8 0 0 0 4 5 0 0 3 5 0 1 9 0 0 5 8 0 0 0 9 1 0 0 0 0 0 0 0 8 0 0 4 9 0 0 3 5 0 8 0 0 0 0 0 4 9 0 5 3 0	0.877551020408
0 0 0 1 2 0 0 6 8 4 0 0 6 5 9 0 0 0 0 0 0 0 8 0 5 4 0 0 1 0 0 3 0 0 0 7 0 0 0 9 7 1 0 0 0 3 0 0 0 4 0 0 9 0 0 3 2 0 1 0 0 0 0 0 0 0 4 6 5 0 0 2 5 7 0 0 9 2 0 0 0	0.805
0 7 0 5 8 0 2 0 0 0 0 0 0 4 0 0 0 1 0 0 8 2 0 0 5 4 0 0 0 1 0 3 5 0 0 0 0 0 6 1 7 8 3 0 0 0 0 0 4 2 0 8 0 0 0 3 2 0 0 4 9 0 0 5 0 0 0 1 0 0 0 0 0 0 4 0 5 2 0 7 0	0.82
0 5 9 0 0 4 7 6 0 4 0 0 6 7 0 0 0 0 0 7 0 0 2 0 0 4 1 0 0 0 0 0 0 5 2 9 0 8 0 0 0 0 0 7 0 9 3 5 0 0 0 0 0 0 7 9 0 0 3 0 0 5 0 0 0 0 0 9 7 0 0 4 0 2 4 1 0 0 8 9 0	0.770068027211
3 0 7 0 0 0 0 4 0 0 1 0 0 0 7 0 9 5 0 9 2 0 0 0 7 0 0 9 0 3 2 0 5 0 8 0 0 0 0 3 0 4 0 0 0 0 4 0 9 0 8 5 0 2 0 0 4 0 0 0 6 5 0 6 3 0 1 0 0 0 7 0 0 7 0 0 0 0 3 0 1	0.755102040816
0 0 1 0 0 8 0 7 0 7 0 0 0 0 9 1 0 8 8 9 4 1 0 0 0 0 3 0 5 9 7 8 0 2 0 1 0 0 0 0 0 0 0 0 0 4 0 7 0 2 5 8 3 0 9 0 0 0 0 6 4 8 5 5 0 8 9 0 0 0 0 2 0 4 0 8 0 0 3 0 0	0.762962962963
3 0 0 0 0 1 0 0 5 6 0 8 0 2 3 9 7 1 9 0 0 0 7 0 0 3 0 0 0 0 2 0 0 0 1 0 0 0 9 0 0 0 2 0 0 0 8 0 0 0 6 0 0 0 0 7 0 0 3 0 0 0 9 8 9 3 7 4 0 1 0 2 4 0 0 6 0 0 0 0 7	0.774829931973
0 0 0 0 0 1 8 0 0 6 0 0 0 2 0 9 7 0 9 1 0 5 0 0 4 0 0 0 0 0 2 0 0 6 0 0 7 6 0 1 0 4 0 5 3 0 0 1 0 0 6 0 0 0 0 0 6 0 0 2 0 4 9 0 9 3 0 4 0 0 0 2 0 0 5 6 0 0 0 0 0	0.812745098039
4 0 0 0 0 0 1 0 0 7 0 0 1 0 5 0 4 0 0 0 0 3 4 0 2 0 0 0 1 0 4 2 0 0 0 5 2 0 3 0 8 0 4 0 9 8 0 0 0 5 3 0 1 0 0 0 8 0 1 6 0 0 0 0 7 0 8 0 4 0 0 1 0 0 9 0 0 0 0 0 4	0.843333333333
0 9 5 0 0 7 0 6 0 2 0 0 0 3 0 5 0 0 0 0 0 5 0 9 7 0 2 0 0 0 1 0 0 6 4 0 6 8 4 0 0 0 9 5 1 0 1 9 0 0 5 0 0 0 1 0 8 9 0 4 0 0 0 0 0 3 0 8 0 0 0 5 0 6 0 3 0 0 4 8 0	0.914893617021
0 8 0 0 0 9 0 7 2 6 0 0 0 0 0 0 0 4 0 5 0 0 6 0 9 0 1 2 0 0 0 0 5 0 0 0 3 7 6 1 8 4 2 9 5 0 0 0 3 0 0 0 0 6 9 0 1 0 2 0 0 4 0 5 0 0 0 0 0 0 0 9 8 4 0 9 0 0 0 2 0	0.784722222222
1 0 0 0 4 9 0 0 0 0 0 5 7 0 0 0 0 0 9 0 2 0 8 0 7 0 3 2 0 3 0 0 1 0 8 0 0 1 9 0 0 0 3 6 0 0 8 0 9 0 0 1 0 5 3 0 4 0 2 0 5 0 8 0 0 0 0 0 4 6 0 0 0 0 0 5 9 0 0 0 4	0.886054421769
0 3 0 0 0 4 0 0 0 0 0 0 5 6 0 4 7 0 4 0 7 0 9 0 0 0 2 0 0 9 6 0 0 0 0 0 3 2 0 8 0 5 0 9 6 0 0 0 0 0 9 8 0 0 6 0 0 0 8 0 5 0 9 0 4 8 0 5 2 0 0 0 0 0 0 1 0 0 0 4 0	0.872549019608
0 0 9 0 0 1 0 0 8 3 0 0 7 6 9 0 0 0 1 0 0 0 0 8 0 9 0 0 0 0 0 7 0 0 2 3 5 3 7 0 0 0 8 6 1 2 8 0 0 1 0 0 0 0 0 2 0 6 0 0 0 0 5 0 0 0 5 9 7 0 0 2 7 0 0 1 0 0 3 0 0	0.802721088435
0 0 7 0 1 0 4 2 0 0 5 2 0 0 8 0 0 0 0 0 4 9 0 3 5 0 0 0 0 0 0 8 0 0 0 3 9 0 0 3 0 7 0 0 5 7 0 0 0 5 0 0 0 0 0 0 3 8 0 4 2 0 0 0 0 0 1 0 0 9 3 0 0 6 9 0 3 0 8 0 0	0.83660130719
9 0 0 0 6 0 8 2 0 0 0 0 2 0 8 0 0 5 0 0 0 4 0 9 0 6 0 2 9 0 1 0 0 6 0 3 0 6 0 0 0 0 0 7 0 7 0 4 0 0 6 0 5 2 0 7 0 8 0 3 0 0 0 5 0 0 6 0 7 0 0 0 0 2 6 0 4 0 0 0 8	0.761904761905
0 0 3 7 0 0 0 2 0 6 0 7 0 0 8 0 0 0 0 5 0 4 0 9 0 0 0 2 0 5 0 7 0 0 0 0 1 0 0 3 0 2 0 0 9 0 0 0 0 8 0 1 0 2 0 0 0 8 0 3 0 1 0 0 0 0 6 0 0 2 0 4 0 2 0 0 0 1 7 0 0	0.784591194969
0 0 0 6 0 8 3 0 0 0 1 0 7 0 0 0 0 6 0 8 0 0 1 0 0 5 9 0 0 0 0 6 1 2 3 5 0 0 0 0 0 0 0 0 0 2 5 4 8 3 0 0 0 0 5 3 0 0 8 0 0 9 0 9 0 0 0 0 3 0 6 0 0 0 8 9 0 4 0 0 0	0.790849673203
0 9 7 0 4 0 6 0 8 0 0 0 7 0 0 0 1 0 6 0 0 5 0 0 0 0 0 7 3 0 0 1 2 5 0 0 1 0 8 6 0 4 3 0 7 0 0 6 3 7 0 0 8 1 0 0 0 0 0 5 0 0 2 0 6 0 0 0 7 0 0 0 3 0 5 0 8 0 9 7 0	0.828368794326
0 0 9 0 0 0 0 4 0 0 0 0 2 3 0 6 0 1 0 3 0 0 0 6 0 0 2 0 0 0 0 1 4 0 7 6 0 0 6 0 8 0 4 0 0 4 5 0 7 6 0 0 0 0 6 0 0 8 0 0 0 5 0 8 0 7 0 5 9 0 0 0 0 2 0 0 0 0 8 0 0	0.805448717949
1 0 2 5 0 0 9 0 0 0 0 3 0 0 0 0 0 0 9 4 0 2 0 8 1 0 0 0 1 0 6 2 0 7 0 9 0 0 9 8 0 5 6 0 0 6 0 7 0 4 1 0 2 0 0 0 8 4 0 6 0 9 1 0 0 0 0 0 0 2 0 0 0 0 6 0 0 2 4 0 8	0.790780141844
0 0 0 3 6 0 9 2 7 0 0 9 5 0 0 0 3 8 0 0 0 0 9 8 0 0 5 0 0 0 0 0 0 0 9 6 5 0 4 0 2 0 7 0 3 9 3 0 0 0 0 0 0 0 8 0 0 7 3 0 0 0 0 7 9 0 0 0 5 8 0 0 4 1 5 0 8 6 0 0 0	0.753472222222
9 0 0 0 1 0 0 0 3 0 0 6 0 0 8 0 0 0 8 1 0 5 3 0 0 6 0 0 9 4 1 2 0 3 0 0 0 0 3 0 0 0 9 0 0 0 0 5 0 9 3 4 2 0 0 6 0 0 8 2 0 9 7 0 0 0 7 0 0 6 0 0 3 0 0 0 6 0 0 0 2	0.891156462585
3 0 0 5 0 8 0 0 1 4 0 2 0 0 1 8 5 0 0 1 8 6 0 0 0 0 7 0 0 5 0 0 3 4 0 0 0 8 0 0 0 0 0 2 0 0 0 1 2 0 0 6 0 0 2 0 0 0 0 5 9 3 0 0 5 3 4 0 0 1 0 2 1 0 0 3 0 2 0 0 4	0.764539007092
6 0 9 0 7 3 0 0 0 8 0 0 0 0 2 0 6 0 0 0 3 0 8 0 4 0 0 0 0 4 0 0 1 0 0 9 3 2 0 0 0 0 0 8 4 9 0 0 8 0 0 2 0 0 0 0 2 0 4 0 1 0 0 0 9 0 3 0 0 0 0 2 0 0 0 2 5 0 9 0 6	0.78431372549
0 4 0 0 2 0 0 0 0 0 1 0 0 0 8 4 0 9 9 0 3 1 0 0 5 0 7 0 0 1 0 0 0 0 5 4 0 0 9 6 0 1 3 0 0 7 3 0 0 0 0 1 0 0 6 0 4 0 0 5 2 0 3 1 0 2 3 0 0 0 4 0 0 0 0 0 4 0 0 1 0	0.84693877551
0 0 9 1 0 0 0 2 8 0 0 0 9 0 8 3 0 5 3 4 0 5 0 0 0 0 0 7 0 0 0 0 0 0 6 0 0 0 3 6 0 1 7 0 0 0 8 0 0 0 0 0 0 1 0 0 0 0 0 2 0 3 6 1 0 4 3 0 9 0 0 0 9 3 0 0 0 5 1 0 0	0.769934640523
0 0 6 2 4 0 0 7 0 9 2 0 0 0 3 0 0 0 3 0 0 1 9 0 0 0 0 6 0 0 0 2 9 0 4 0 5 3 0 0 0 0 0 6 9 0 9 0 6 5 0 0 0 2 0 0 0 0 3 7 0 0 6 0 0 0 5 0 0 0 9 7 0 8 0 0 1 6 2 0 0	0.765306122449
6 4 0 9 0 0 0 3 0 0 0 8 3 6 0 0 4 0 0 0 7 0 0 0 0 0 6 5 0 0 2 0 0 4 0 0 0 7 1 0 0 0 3 2 0 0 0 3 0 0 7 0 0 5 7 0 0 0 0 0 1 0 0 0 8 0 0 5 2 6 0 0 0 1 0 0 0 9 0 5 4	0.941176470588
0 6 0 2 0 0 0 0 8 9 3 0 0 5 0 0 0 0 0 0 2 0 0 1 3 0 0 0 7 0 0 3 0 0 5 6 6 0 0 1 0 5 0 0 9 5 1 0 0 2 0 0 8 0 0 0 6 5 0 0 4 0 0 0 0 0 0 1 0 0 6 2 3 0 0 0 0 2 0 9 0	0.790849673203
0 6 0 0 4 3 0 0 8 0 3 1 0 0 8 0 2 0 0 4 0 0 0 1 0 0 0 0 0 9 0 3 0 0 0 6 0 8 0 0 0 0 0 4 0 5 0 0 0 2 0 7 0 0 0 0 0 5 0 0 0 3 0 0 9 0 3 0 0 5 6 0 3 0 0 4 6 0 0 9 0	0.952830188679
0 0 7 5 0 0 0 4 0 0 9 8 1 0 0 2 0 3 0 2 0 0 3 0 0 7 6 7 0 0 9 1 0 3 0 0 0 0 0 0 0 0 0 0 0 0 0 3 0 6 8 0 0 2 9 7 0 0 5 0 0 1 0 3 0 5 0 0 1 9 2 0 0 4 0 0 0 7 6 0 0	0.765306122449
4 0 3 0 0 0 0 0 0 0 1 0 4 0 0 0 0 2 9 2 0 0 1 7 0 0 4 8 3 0 7 4 6 0 1 0 1 0 0 0 2 0 0 0 6 0 6 0 1 8 5 0 2 3 2 0 0 5 6 0 0 4 8 3 0 0 0 0 4 0 6 0 0 0 0 0 0 0 2 0 5	0.786231884058
5 0 3 7 9 0 0 0 4 0 1 0 0 0 5 7 0 0 9 4 0 0 0 0 0 0 2 8 0 0 0 1 0 3 6 0 0 9 6 0 0 0 4 2 0 0 3 5 0 4 0 0 0 1 3 0 0 0 0 0 0 4 6 0 0 1 8 0 0 0 3 0 4 0 0 0 6 3 2 0 8	0.833333333333
0 4 0 0 0 2 0 7 0 0 0 0 0 0 0 4 9 0 9 0 0 0 8 0 0 0 5 0 0 6 1 3 0 0 0 7 1 5 0 2 0 6 0 8 4 7 0 0 0 9 5 1 0 0 6 0 0 0 5 0 0 0 3 0 1 5 0 0 0 0 0 0 0 7 0 3 0 0 0 6 0	0.843137254902
0 0 0 3 0 0 7 2 0 0 0 9 0 2 8 3 0 4 0 0 0 4 0 6 0 0 8 0 4 3 0 0 9 8 0 7 0 0 8 0 0 0 6 0 0 7 0 1 8 0 0 9 4 0 2 0 0 9 0 4 0 0 0 8 0 4 6 3 0 2 0 0 0 1 7 0 0 2 0 0 0	0.840425531915
0 0 8 4 0 0 3 5 0 0 0 4 3 5 0 0 8 7 0 0 0 0 0 9 0 4 1 0 3 7 0 0 8 0 2 0 0 0 0 5 0 7 0 0 0 0 5 0 6 0 0 4 7 0 7 9 0 8 0 0 0 0 0 4 1 0 0 6 5 8 0 0 0 8 6 0 0 3 7 0 0	0.752482269504
0 0 0 6 3 0 0 0 9 4 8 0 9 0 2 0 6 0 9 2 0 0 4 0 0 0 0 0 0 0 0 0 0 5 0 7 0 6 5 0 0 0 9 8 0 8 0 9 0 0 0 0 0 0 0 0 0 0 6 0 0 3 8 0 3 0 5 0 4 0 9 2 7 0 0 0 8 3 0 0 0	0.81045751634
7 0 0 0 0 6 1 2 0 0 0 3 0 2 0 0 0 9 9 0 1 8 5 0 0 0 0 0 0 0 0 0 0 2 9 1 2 3 0 0 0 0 0 4 5 1 9 5 0 0 0 0 0 0 0 0 0 0 6 8 9 0 2 3 0 0 0 4 0 5 0 0 0 1 2 5 0 0 0 0 4	0.867346938776
8 0 0 7 0 0 0 0 3 0 7 0 9 0 0 8 0 0 0 0 0 8 0 6 0 1 0 5 0 2 3 0 0 4 6 0 0 9 0 0 0 0 0 3 0 0 6 4 0 0 2 1 0 9 0 5 0 6 0 8 0 0 0 0 0 1 0 0 5 0 4 0 6 0 0 0 0 7 0 0 5	0.846405228758
0 0 0 0 0 8 0 0 6 9 0 1 7 0 5 3 0 4 0 0 0 0 0 4 0 1 0 1 0 0 9 4 0 0 5 0 4 9 0 0 5 0 0 6 7 0 2 0 0 7 1 0 0 3 0 3 0 4 0 0 0 0 0 2 0 5 3 0 9 7 0 1 7 0 0 5 0 0 0 0 0	0.822916666667
0 0 3 0 8 0 0 9 0 8 0 0 0 0 0 6 0 1 0 0 4 0 0 9 2 0 0 0 4 0 0 6 7 9 0 0 0 0 8 3 0 2 7 0 0 0 0 7 9 5 0 0 2 0 0 0 6 5 0 0 3 0 0 4 0 2 0 0 0 0 0 7 0 8 0 0 7 0 4 0 0	0.900326797386
0 0 0 9 5 6 0 0 0 5 0 0 0 0 0 0 4 0 0 6 1 0 0 0 9 0 0 2 4 0 0 0 8 7 9 0 1 0 0 0 2 0 0 0 4 0 3 7 4 0 0 0 8 2 0 0 8 0 0 0 4 6 0 0 7 0 0 0 0 0 0 1 0 0 0 6 8 1 0 0 0	0.810897435897
2 7 0 0 0 5 4 9 0 0 0 5 0 0 9 6 1 0 0 0 0 8 0 0 0 7 0 7 0 0 0 9 8 0 6 1 0 0 0 6 0 2 0 0 0 5 6 0 1 7 0 0 0 9 0 2 0 0 0 7 0 0 0 0 9 3 4 0 0 7 0 0 0 5 7 2 0 0 0 8 6	0.789007092199
3 0 8 0 0 0 0 0 0 5 0 0 0 0 6 3 7 0 0 7 0 4 0 3 0 1 0 1 8 0 0 0 0 2 9 4 0 0 0 0 6 0 0 0 0 7 9 3 0 0 0 0 5 1 0 4 0 5 0 2 0 6 0 0 5 7 6 0 0 0 0 9 0 0 0 0 0 0 1 0 5	0.778666666667
5 0 0 1 0 9 4 0 0 2 0 4 7 0 0 9 0 0 0 8 3 0 0 2 0 7 0 0 4 0 0 0 0 3 0 0 0 0 0 8 0 4 0 0 0 0 0 6 0 0 0 0 8 0 0 9 0 3 0 0 7 2 0 0 0 1 0 0 8 6 0 9 0 0 2 9 0 6 0 0 3	0.78431372549
0 8 0 0 0 7 0 1 0 0 1 0 5 3 6 4 0 8 0 0 0 8 0 0 3 6 0 0 0 0 0 0 8 1 0 0 0 4 0 0 5 0 0 7 0 0 0 7 9 0 0 0 0 0 0 9 4 0 0 5 0 0 0 8 0 1 3 2 9 0 5 0 0 3 0 7 0 0 0 2 0	0.758333333333
0 0 0 0 0 0 0 4 0 5 0 0 1 0 0 6 3 0 0 7 0 8 6 0 0 0 2 8 5 0 0 3 0 4 0 0 3 9 7 0 8 0 2 5 6 0 0 2 0 7 0 0 8 3 7 0 0 0 4 9 0 6 0 0 4 9 0 0 7 0 0 8 0 3 0 0 0 0 0 0 0	0.780555555556
1 0 8 0 0 2 0 7 5 0 0 2 0 0 1 8 9 0 0 7 0 0 8 0 0 0 0 6 3 1 0 0 0 0 5 7 0 5 0 0 6 0 0 8 0 2 8 0 0 0 0 6 3 9 0 0 0 0 1 0 0 4 0 0 2 5 4 0 0 7 0 0 8 1 0 7 0 0 9 0 3	0.844202898551
0 0 6 0 5 0 0 0 0 0 1 0 0 0 4 0 6 0 4 9 0 1 0 0 0 2 3 0 7 9 0 6 0 0 0 5 0 5 0 0 1 0 0 3 0 1 0 0 0 9 0 8 7 0 7 3 0 0 0 8 0 9 1 0 6 0 9 0 0 0 8 0 0 0 0 0 3 0 4 0 0	0.8
0 0 0 0 0 0 8 0 0 0 8 2 4 0 0 0 0 0 1 9 0 0 6 3 0 0 0 0 5 0 0 8 0 7 0 0 6 7 8 2 0 9 1 4 3 0 0 3 0 4 0 0 8 0 0 0 0 6 2 0 0 9 4 0 0 0 0 0 5 6 1 0 0 0 6 0 0 0 0 0 0	0.813725490196
0 1 0 5 0 8 0 9 0 9 3 0 0 2 0 0 0 0 0 0 8 3 0 0 0 0 6 8 7 0 0 6 0 1 0 0 0 0 3 9 8 7 2 0 0 0 0 2 0 5 0 0 7 8 5 0 0 0 0 2 6 0 0 0 0 0 0 3 0 0 4 2 0 2 0 6 0 9 0 8 0	0.758680555556
0 0 0 0 8 3 0 0 1 0 6 2 1 0 0 0 0 7 3 0 0 2 0 0 0 4 0 5 0 8 0 1 2 0 0 0 0 3 0 0 0 0 0 1 0 0 0 0 9 6 0 4 0 5 0 5 0 0 0 1 0 0 2 9 0 0 0 0 5 1 7 0 2 0 0 8 3 0 0 0 0	0.750980392157
0 6 2 7 0 1 0 0 0 0 0 0 0 0 0 0 0 4 0 3 0 0 5 0 0 2 0 0 0 8 3 4 5 0 0 7 0 7 0 0 0 0 0 4 0 2 0 0 6 7 9 3 0 0 0 2 0 0 3 0 0 5 0 9 0 0 0 0 0 0 0 0 0 0 0 8 0 6 4 1 0	0.852201257862
0 8 0 3 5 0 0 0 0 5 6 0 0 0 0 9 3 0 0 3 2 1 0 0 0 4 0 0 7 0 5 1 0 6 0 0 0 0 0 8 0 7 0 0 0 0 0 3 0 6 4 0 7 0 0 4 0 0 0 5 1 6 0 0 2 9 0 0 0 0 5 7 0 0 0 0 2 3 0 8 0	0.836734693878
7 0 0 0 8 0 0 0 9 3 0 8 4 0 0 7 1 0 0 1 0 0 0 0 8 2 0 8 5 0 1 9 0 2 0 0 0 3 0 8 0 5 0 7 0 0 0 4 0 2 7 0 5 8 0 7 1 0 0 0 0 8 0 0 8 6 0 0 4 1 0 2 5 0 0 0 1 0 0 0 7	0.777777777778
